numTimes: 1

4.8125	0.9063171917332511	192.0
4.7875	0.36692025074262347	192.0
4.8	1.142924882733496	30.0
4.5	1.0149250111043102	510.0
4.6	0.3055954354649657	150.0
4.4125	0.0675879720647572	192.0
2.9	1.688890547192159	174.0
2.8	0.25991088308001054	54.0
2.5	0.11436870739635197	150.0
2.4	0.157776418604044	30.0
2.3	0.06276809649466486	150.0
2.0	3.108801843200891E10	30.0
1.9	0.03212238962169067	126.0
1.7	0.05506604616675759	102.0
1.5	0.19595864222628734	150.0
1.4	0.016316997140165768	54.0
1.2	0.13389210671266483	30.0
1.0	1.4889899200139067E8	30.0
0.7	0.09718548404453031	54.0
0.5	0.007631107217548561	30.0
0.6	0.045654488319996744	30.0
0.3	0.02830925320085953	30.0
3.0	4.109432483841856E11	150.0
3.1875	0.31440668546747474	192.0
3.3	0.24134180262990412	390.0
3.2125	0.1098740107154299	96.0
3.4	0.2615980803821003	102.0
3.5	0.21460690994990728	270.0
3.6125	0.2505136371496519	480.0
3.8	0.22080464948612644	126.0
3.9	0.4051800034699795	390.0
3.9875	0.1812134877823155	384.0
4.1	1.5869378993593273	246.0
4.0	9.976620646504846E10	30.0
4.3	0.13078851019417925	270.0
4.7	0.5107375865127324	294.0
4.3875	0.6762209103222858	672.0
2.7875	0.05553380395031127	192.0
2.6	0.23051903870145907	78.0
2.4125	0.047645233570619894	192.0
2.1	0.6886512404880705	270.0
1.9875	0.005033094631016866	192.0
1.8	0.2674033235416573	102.0
1.6125	0.031282412966902484	96.0
1.3	0.10483403878242825	78.0
0.9	0.036275382416306456	102.0
3.1	0.7248710915141601	198.0
3.6	0.8477504744078033	102.0
4.0125	0.1741739209824118	384.0
4.2	1.5632515772176703	270.0
4.9	1.3382097852700099	390.0
4.4	0.4497998477163492	78.0
2.7	0.4687892764541175	318.0
2.3875	0.017291096329245192	192.0
2.2	0.04866821317955328	78.0
2.0125	0.04676046879103524	216.0
1.6	0.03092440776526928	6.0
1.1	0.03984858288822579	78.0
0.8	0.49166396632790565	6.0
0.4	0.014208468841388822	6.0
0.2	0.2820248040370643	6.0
0.1	0.03252907661953941	6.0
3.2	0.0962039865553379	6.0
3.7	0.49434074567398056	222.0
3.4117	0.17458265298978404	96.0
3.7242	0.01523021527009405	96.0
4.6141	0.4656838196146964	672.0
4.2391	0.09535793970462692	288.0
4.4766	0.2900754790462088	192.0
2.9883	0.05602753582900277	336.0
2.6758	0.08268851451430237	120.0
2.2383	0.26436714524652416	192.0
1.4629	0.00301724918972468	72.0
1.3379	0.00502368610909798	120.0
4.1641	0.2324717856204188	456.0
4.4609	0.12429849436489349	288.0
4.3359	1.3900982502746047	240.0
3.3867	0.013705242670312145	144.0
3.3242	0.1644557018102546	192.0
4.2907	1.1736126865800998	480.0
4.8343	0.21935555192112588	384.0
4.7718	0.20081871565162146	240.0
3.6359	0.27426572542208305	504.0
3.8859	0.07401362920109023	192.0
4.7032	0.244023665696659	96.0
4.5782	0.8880762142507592	120.0
2.9766	0.01697991444427771	216.0
2.3516	0.004349737826487399	96.0
2.2891	0.14909596117649926	120.0
3.1016	0.10936422452232364	336.0
1.9621	0.004868906134561257	96.0
3.6742	0.9815730119512409	480.0
4.4452	2.406426599365659	336.0
2.2226	0.025260004207666498	336.0
2.0976	0.08010330304750823	144.0
1.0488	0.006174445663873485	144.0
4.1952	1.1137548379319924	144.0
4.5266	0.4619709259004594	432.0
4.5891	1.9407390710475738	648.0
3.0133	0.06603767855631304	120.0
2.0149	0.009980201468124505	192.0
4.7202	0.3801388480701462	216.0
2.8601	0.07291398569213925	336.0
2.3601	0.03676966156990602	216.0
2.1726	0.03234872697794344	72.0
1.0863	0.002508574953481002	72.0
3.3601	0.3099808686260985	192.0
3.8601	0.2791215213492251	432.0
4.2202	0.5940742528789542	816.0
2.8758	0.014396705613762606	168.0
4.8939	0.029745151621227706	192.0
3.1032	0.0538851850969877	216.0
4.4811	1.2065673164397595	168.0
4.1061	0.19370637972588156	528.0
4.9689	0.16642631348898362	624.0
3.5157	0.062072653605810046	144.0
4.0939	0.36664607874899957	216.0
4.2814	0.15593411983036276	288.0
4.8436	0.1486794451102469	288.0
3.1718	0.02712721274519936	240.0
3.4843	0.10400450342103795	480.0
3.5468	0.08709691145816123	144.0
4.0311	0.6336307876784986	576.0
3.6524	0.09986015638492063	384.0
4.8218	0.22747962579320102	336.0
4.6968	0.14200827551758266	384.0
4.3093	0.08232812857057326	240.0
3.3734	0.03691499226442829	144.0
3.5609	0.19731962039440987	120.0
3.8484	0.1582123584691999	624.0
3.7577	0.17924654543048746	192.0
1.5133	0.01977491454454139	120.0
3.4641	2.7536657920104225E10	56.0
4.9346	0.0753902497664285	528.0
2.5923	0.08820172577543417	48.0
2.5298	0.12138272734591737	24.0
1.2649	0.08238702308153734	24.0
4.7529	0.36634075432721147	504.0
4.6904	5.76137246731973E10	168.0
3.0952	0.020295557053486846	192.0
2.3452	0.029589748153284745	168.0
1.8601	0.013471350251165859	120.0
1.3601	0.03347547726252742	192.0
3.2202	0.09118264682797417	240.0
3.5327	0.166339448915096	48.0
3.7202	1.5647565043154827	120.0
4.6282	0.6733447753199471	480.0
4.4407	0.4983552227349719	144.0
4.0657	0.06762758146396664	192.0
4.2532	0.32690943696661634	576.0
4.9234	0.32905131480220007	144.0
4.6109	0.2137581334677634	720.0
2.4617	0.008305792939836465	144.0
2.3367	0.022871528238738392	288.0
1.6371	0.002079890102322679	24.0
3.5242	0.305147114554984	384.0
2.1633	0.1006851047714008	120.0
3.6633	0.052182364312102436	240.0
1.6613	0.010760419740108773	96.0
3.3226	0.07733949820794805	96.0
4.9173	0.1637257702095667	288.0
4.0423	0.7120496183720206	768.0
2.504	0.01878848543492495	96.0
3.5665	0.45495816153561464	144.0
3.629	0.09643615933237015	240.0
4.9295	1.6024598149942904	624.0
4.9112	0.45732871072868875	120.0
3.0806	0.08248667593625214	144.0
2.8931	0.03110218288696842	192.0
2.4556	0.02268561147957371	120.0
4.2237	2.698273014248116	384.0
4.7138	0.24210082186141335	624.0
2.4819	0.09907018293324654	96.0
3.6069	0.32157459264954014	600.0
2.6439	0.023168242333440503	240.0
4.6497	0.3009480519394856	672.0
1.5843	0.010176299745580764	168.0
3.1686	0.35730518624495744	168.0
3.2311	0.39270102715454414	216.0
4.1497	0.1553475790478842	288.0
4.7497	1.9822643375682674	96.0
4.6872	0.28916479222061753	336.0
1.6093	0.005813360721731442	96.0
4.2497	0.16590651113938293	480.0
4.3128	0.5351189087396051	192.0
2.1564	0.03751644059411774	192.0
3.9064	0.21592082846564153	576.0
4.7106	0.07936915185018734	576.0
2.7928	0.04978748247231124	96.0
1.3964	0.0035098515008940012	96.0
4.9769	0.272924040341195	456.0
3.0822	0.12357698436119335	504.0
4.4362	0.1840347481193021	48.0
2.6173	0.04238760795760754	144.0
2.3431	0.07849720088699996	360.0
2.2181	0.05425261756317923	48.0
2.9069	0.16349595852727816	360.0
1.7972	0.011123567286631442	96.0
3.5944	0.10816835223522503	96.0
4.5144	0.06758472763658574	216.0
3.8197	0.030198364504713027	264.0
1.9339	0.024244851088042196	336.0
1.7464	0.02574373599293267	192.0
3.4928	0.5771839313088094	192.0
3.8678	2.742814804172667	336.0
3.8053	1.1215989063566667	216.0
4.2356	0.1510402667577182	384.0
4.3955	0.23679761052380854	96.0
3.9912	0.11171760955630816	192.0
4.8301	0.19589679569435248	408.0
4.7676	0.3693961117414801	576.0
4.3301	0.21819362459473268	296.0
3.2588	0.17064162727228904	360.0
3.3838	0.11860200629689643	288.0
2.2694	0.004068742694926186	144.0
0.4243	0.008997146869660355	36.0
3.4569	0.016792498392078414	192.0
3.5819	0.04551523625741538	264.0
4.6487	0.4124620419584062	432.0
1.8028	0.048330648848150304	168.0
3.3556	0.06463190410340758	264.0
3.6056	4.401477913626472E10	168.0
4.0237	0.04318345092383424	360.0
4.8311	0.15163411532194004	528.0
4.7686	0.42216306315640395	672.0
1.7234	0.020191535066373945	192.0
4.1689	0.0644213097384636	192.0
2.6721	0.0309668758584678	288.0
2.6096	0.02731410085061725	240.0
4.4317	0.487915876767147	216.0
4.3692	0.09241819251383276	336.0
3.3779	0.054538256424393694	288.0
3.5029	0.01811248706690094	96.0
4.6314	0.31392561441109024	384.0
2.7532	0.028669930289652257	264.0
2.6907	0.1986119997145579	120.0
1.9391	0.017381823940922914	96.0
2.9343	1.558787687775748	288.0
3.1843	0.11083699468281338	360.0
2.6851	0.018042685606360465	192.0
3.6851	0.195579644634563	288.0
4.5673	0.1179796620876914	288.0
1.8762	0.013733113315538503	24.0
0.9381	0.037184565257120994	24.0
4.983	0.08500537189843271	480.0
4.858	1.9839468254635904	240.0
2.429	0.019048116205851784	240.0
4.392	0.07818239665766669	336.0
2.571	0.022149367667168463	216.0
1.9105	0.04304179381915674	240.0
3.821	0.4654812276130542	240.0
2.6287	0.007462170942744706	120.0
3.7537	0.12651206454904695	432.0
2.1213	0.17820369150581428	252.0
4.2426	1.1391845130261628E12	252.0
4.7843	0.3511391998763429	384.0
4.5343	3.0122015665656363	192.0
1.7117	0.04855610520735354	216.0
1.6492	0.0582664065877907	48.0
0.8246	0.006918745035363827	48.0
0.4123	0.004541022737612366	48.0
3.4234	0.2786927275083144	216.0
4.1593	0.27807081330684014	432.0
3.2016	0.24837631544460237	480.0
4.7096	0.16794871000683997	312.0
2.1048	0.005450031960435808	120.0
1.5524	0.02241337300745272	144.0
3.1048	0.15381835621701612	144.0
2.508	0.25850967559665605	432.0
4.984	1.741907355382864	384.0
4.859	0.8050536950104288	432.0
4.4215	0.021214577549699243	288.0
2.492	1.0241986675309818	384.0
3.0545	0.027163965618456132	192.0
3.3045	0.0654390217555374	96.0
4.2965	0.09062367394562898	336.0
3.9737	0.02750820603569082	216.0
4.6776	0.3286789212288568	72.0
2.3388	0.0026065608776661975	72.0
1.7944	0.005552295694997156	96.0
3.9013	0.08605380692279141	240.0
4.6583	0.04850815903591865	192.0
3.6729	0.13934998659760822	672.0
4.3417	0.24749787476685015	192.0
2.8896	0.008654074742366902	144.0
2.3896	0.011353176614647964	120.0
1.2689	0.009298554691213212	192.0
3.9128	0.049529996287674294	264.0
4.9244	0.6310177210798429	336.0
4.6744	0.12369819765808643	288.0
3.6497	0.1920438153010764	120.0
4.901	0.2938023193200934	480.0
4.776	0.1361174411895263	240.0
1.8815	0.017871550838663097	192.0
3.763	0.847188371773882	192.0
4.6615	0.2031997677649997	240.0
4.5365	0.35543154791685083	384.0
2.5495	0.11070675052542356	360.0
4.8744	3.6956107547412103	384.0
2.4372	0.050867192661826266	384.0
3.7497	0.17077813236528527	528.0
4.1869	0.2976140832793135	240.0
1.8439	0.03464832239842508	48.0
3.6878	0.5193192669539712	48.0
4.1881	0.18866152039311146	456.0
4.6712	0.06914508494082838	264.0
4.6087	0.4874602549843985	216.0
2.7731	0.040353269584102236	240.0
4.9538	0.18407659994136338	384.0
2.6019	0.03527076320597189	360.0
3.2894	0.0703630307034473	264.0
3.7269	0.06467521759623196	336.0
4.1413	0.04910589280916611	384.0
4.8208	1.9963565089536814	336.0
2.4104	0.9640357265823809	336.0
3.7229	0.44622689104744495	480.0
4.8042	0.1874286329257302	96.0
2.4021	0.03787416837076307	96.0
2.5652	0.008739442630485428	96.0
2.3152	0.11815277806636004	168.0
1.1576	0.009335007571735332	168.0
3.2527	0.2894505889962602	300.0
3.6277	0.3805758925864211	288.0
4.1304	0.28726962884275054	696.0
4.1929	0.10396500787692275	240.0
2.8723	0.12074247728378396	336.0
4.0571	0.21666667873159895	528.0
4.1821	0.14426295103157827	480.0
4.6022	0.1274022030188462	240.0
4.4147	1.1034512723064154	840.0
2.8636	0.1524171697019483	96.0
2.7386	0.07818795398452494	288.0
1.4318	0.020406847783306148	96.0
3.4886	0.0930467781090556	384.0
3.5511	0.34787329415587465	240.0
4.8353	0.06485627320489584	288.0
4.7728	0.24705642857634302	288.0
3.5114	0.11338722127459278	288.0
4.0853	0.09060137719461636	312.0
4.5651	0.8865767677616532	384.0
4.3151	0.38289124742550484	504.0
3.6263	0.011642599307378987	144.0
4.8724	0.14013482400514476	264.0
2.5612	0.3738054868808831	96.0
2.1237	0.00876328637343704	144.0
1.2806	0.07366278190147568	96.0
0.6403	0.002974055054664859	96.0
4.2474	1.0056889770003181	144.0
4.7539	0.3814714871296019	144.0
3.0332	0.42684517469206185	240.0
1.5166	0.013817262735528857	240.0
4.5288	0.0677992586010987	432.0
2.7019	0.03510357069899328	144.0
4.9336	0.16403940460804733	384.0
1.9209	0.24166234046197133	288.0
4.7212	0.4458072963516315	576.0
4.2837	0.0408197057236066	240.0
2.7295	0.04976693867331505	192.0
3.167	0.013493659520463552	96.0
2.958	0.03159971363697878	288.0
3.6455	0.2871360437363819	432.0
4.041	0.08744751495635228	192.0
4.4023	0.19437171483571092	384.0
1.9287	0.03341914013799396	48.0
4.4272	2.320400400996732	168.0
2.2136	0.046606096469076874	168.0
3.9636	0.07172911669729842	408.0
4.0522	0.09641597774316324	168.0
4.7603	0.17487954284979423	432.0
2.4739	0.18950475343126527	144.0
1.6432	0.02200895305850281	192.0
3.0364	0.040724491736000346	216.0
4.9102	0.1514875043635584	552.0
4.8477	0.3727588045153425	480.0
4.4102	0.3602943036494253	192.0
3.8301	0.0828287162265724	120.0
2.9138	0.07814567509376502	336.0
2.8513	0.015317273780055984	144.0
3.3362	0.03158279411240983	192.0
3.4612	0.03302249170792493	144.0
4.9356	0.9463037772375174	192.0
2.7803	0.08230837192331819	312.0
2.4678	0.0260422885025946	192.0
2.0928	0.03466290031792596	96.0
4.1231	5.2925487104737564E10	336.0
2.0322	0.020976049046566914	240.0
4.899	1.7465481318489987E11	120.0
2.4495	2.1264655360016916E11	120.0
1.631	0.022120322688351735	240.0
4.7885	0.2194715117366286	168.0
2.488	0.01379190185139123	120.0
3.363	0.01223816508127129	192.0
4.9122	0.10102366917544714	288.0
4.8497	0.5215599522925913	56.0
4.3497	0.22596570415771566	144.0
1.9468	0.005712920890800888	72.0
3.8936	0.05421132201627188	72.0
4.2872	0.1209704351841765	336.0
2.9189	0.06501531410549433	96.0
0.7141	0.0011705085112225788	48.0
3.1064	0.14734564229638636	528.0
3.2939	0.11530201620462321	384.0
4.6368	0.6007216161096949	600.0
4.3243	0.10737881948625727	192.0
2.4434	0.014864820210277685	144.0
3.8184	1.1377020076361077	324.0
2.7441	0.04548779463584651	144.0
1.1533	0.0025950502663363295	48.0
3.8691	0.06013948986878859	240.0
3.8066	0.2625651971748084	576.0
2.5942	0.045715528977780195	144.0
4.9366	0.5156005992776045	216.0
4.3116	0.0749552173574557	360.0
1.7029	0.04123297470960097	240.0
4.3612	0.18482317738198617	432.0
3.9306	0.1538873105669154	288.0
4.1737	0.24845974525544534	528.0
4.8888	0.25546477873194817	576.0
2.6944	0.05360252074979144	264.0
4.1388	0.18363997325718628	432.0
4.2638	0.5540068762093142	360.0
2.6192	0.04971125805855081	384.0
3.5567	0.22572203049594464	480.0
4.0509	0.41180890924579217	528.0
1.6279	0.02191596068223589	96.0
3.2558	0.1335995515673858	96.0
3.9433	0.014086526281175793	96.0
4.9132	0.30432094732043424	864.0
3.3941	0.341946699336404	36.0
1.3342	0.008598952831562201	96.0
0.2449	0.006443471305829007	24.0
4.2743	0.16771758441791462	288.0
4.5497	1.6696783827596846	720.0
3.0561	0.05849975743194591	312.0
0.3742	0.012075420105247758	48.0
3.3061	0.08271756900649052	120.0
4.0497	1.1036904504937866	192.0
4.1122	0.0864390764363634	432.0
2.3173	0.013802173748445057	144.0
2.358	0.007557442788311164	72.0
1.179	0.0017367795589962043	72.0
3.2955	0.1246413072467476	336.0
3.4205	0.2456164714062652	240.0
3.9205	0.1327682036612714	192.0
2.642	0.04150890409539443	312.0
2.2045	0.10461292308775683	312.0
3.767	0.07958584184689244	288.0
4.5519	1.654233114910312	192.0
1.4036	0.014599130080796385	120.0
3.4322	0.14720364815048015	192.0
2.9428	0.07995766299541174	528.0
2.8178	0.06797154237619907	504.0
4.0731	0.028220928230439313	192.0
1.6912	0.007450429121035995	144.0
4.4227	1.49074059850318	240.0
1.5588	0.0134577193892369	104.0
3.8575	0.4271939461759757	48.0
3.9825	0.2783021331551936	528.0
4.6936	0.023109267211566475	120.0
4.3186	0.4524912030365158	576.0
2.4718	0.01876891436495498	240.0
0.8367	0.0013440530656225746	48.0
3.2218	0.01916229319112972	144.0
3.0282	0.02306675048021134	240.0
1.3266	0.03634481098561082	24.0
0.6633	0.0033145010165753774	24.0
4.9558	3.1395547657521092	408.0
4.6433	0.48690573875865084	216.0
2.4779	0.03821473303764833	408.0
3.1654	0.03034157619617872	192.0
3.9154	0.07007379218657661	288.0
4.9568	0.6021162948477468	384.0
4.3943	0.08495324241670232	504.0
3.2909	0.05646202251136856	152.0
2.2091	0.06138475760610618	120.0
2.2716	0.05289709466524073	144.0
1.1358	0.010854102572238844	144.0
3.0216	0.017877316410704225	144.0
3.8341	0.23665184442006648	432.0
4.5442	0.2850427160990421	288.0
2.1471	0.12952912699438457	360.0
1.6673	0.012793182622090171	168.0
0.9274	0.004451943154890614	120.0
0.9899	0.05183174837137017	108.0
3.3971	0.30878987624873844	672.0
4.2942	2.1630472752658534	360.0
2.0785	0.045187302638623805	32.0
3.891	0.2320471529160386	600.0
3.9535	0.019397263965856837	144.0
3.0348	0.3753810242852751	240.0
3.6715	0.07778284185951634	96.0
4.5574	0.05994379670801209	192.0
3.2787	0.02299104843996247	168.0
3.7162	0.3874181100327405	312.0
2.5338	0.03094056621694108	192.0
3.4713	0.2045280030019967	480.0
3.4088	0.0369156730157556	144.0
1.5362	0.02894608747010352	72.0
0.7681	9.960350525943795E-4	72.0
4.7927	0.31874160690949793	480.0
3.8026	0.18498417405044165	384.0
4.1677	0.20173953110861476	240.0
4.717	0.7321159844042313	720.0
4.4045	0.8602243965669913	240.0
4.1545	0.07288737568205761	288.0
1.5395	0.016786199588864292	144.0
3.079	0.07982730761068524	144.0
3.2665	0.0329028911938849	288.0
3.454	0.19431145160206142	432.0
2.1024	0.029869832163967658	96.0
3.9774	0.041516341447731975	192.0
4.2048	0.6643811522371834	96.0
4.2673	0.47867604122166085	432.0
2.6476	0.03554935905799539	408.0
2.3707	0.022432731890148716	96.0
1.3416	0.027197331495699473	72.0
1.2166	0.012218192365253344	24.0
0.6083	0.0010565217962721363	24.0
0.6708	0.009141942417954851	72.0
3.4957	0.023021043586822998	144.0
3.7457	0.029884947993650712	336.0
3.9332	0.04036652712329669	288.0
4.8836	0.44949792291720314	480.0
4.6336	0.056825213352567516	336.0
3.3793	0.07938569762882253	216.0
3.5043	0.1456984511896735	72.0
2.4042	0.06517130901374912	204.0
3.5917	0.08319075561576028	192.0
4.8166	1.1498921618549502	96.0
2.4083	0.18357527921762085	96.0
3.2833	0.05028207043051225	216.0
3.5958	0.05736332530659638	288.0
4.7917	1.7197624996592822	192.0
1.6823	0.0024946295002337138	72.0
4.2708	1.100501131702913	96.0
2.9479	0.046322148702870436	384.0
2.7604	0.019649897716590203	144.0
2.5729	0.03505861705752977	264.0
2.3854	0.09453308343881872	384.0
2.1354	0.11389001953830302	96.0
1.0677	0.006482902701918647	96.0
4.2083	0.03218718009884469	192.0
4.7371	0.9398382534654957	192.0
2.8373	0.025715460189985606	192.0
2.0248	0.034499111114655534	192.0
3.9623	0.27229220406297827	240.0
2.6627	0.014709983294324047	120.0
2.5377	0.5950008281324699	192.0
4.1629	0.1155209556184218	408.0
3.6373	0.05798494372811547	224.0
4.4113	0.6357368755416246	816.0
2.1119	0.028211698423746157	384.0
2.0494	0.057547363263438456	96.0
1.0247	0.003736641221166792	96.0
4.0988	0.5027924403475481	96.0
4.5222	0.4499007476033512	576.0
2.0736	0.00587062099339164	144.0
1.8493	0.07437743806030994	216.0
3.6986	1.2308310488642746	216.0
3.8236	0.06953153294875847	192.0
4.0262	0.8400273141105572	216.0
4.8528	0.03430944405454284	288.0
3.4264	0.05687624828669868	360.0
3.6139	0.09188807724467551	216.0
3.8639	0.09910905386277591	264.0
2.276	0.03520800909245736	192.0
3.651	0.048951271133773844	240.0
3.7135	0.032150455114333454	384.0
2.724	0.004269682570338773	96.0
3.9115	0.8511537227650479	432.0
4.3738	0.20254395280471726	432.0
2.2494	0.01734891511046044	336.0
3.8756	0.10355237003625462	288.0
3.8131	0.21795185279438556	720.0
4.0012	0.2664717129383689	672.0
1.9235	0.02565269324077235	144.0
2.0905	0.019500997809245746	240.0
3.4655	0.05240412557304808	192.0
4.5299	1.162322654370655	192.0
4.5924	0.10640263296636476	480.0
3.9837	0.06661427601147807	200.0
4.0299	1.2356575986386815	192.0
4.3451	0.7852713371903519	72.0
2.5788	0.0353385459884521	288.0
3.8288	0.30769783342702794	696.0
4.0951	0.035400909051531926	192.0
4.7666	0.0995883495270391	48.0
4.5166	1.2716311946915084	192.0
2.3833	0.020954364284989424	48.0
2.2583	0.024176816727958794	192.0
3.0083	0.14563418543025364	288.0
3.8833	0.21629759011648275	192.0
2.9292	0.03503925093264115	192.0
1.7146	0.03296400870931393	168.0
3.7417	6.878678937606942E11	240.0
4.9193	0.9103852296066179	312.0
4.4193	0.3019778510879405	480.0
2.5534	0.007298399352293927	24.0
1.2767	4.890948985121213E-4	24.0
4.3932	0.20721172929825116	240.0
2.3216	0.010265062994221807	216.0
3.5454	0.08937964311201085	240.0
4.1533	0.2608180089450798	480.0
4.9092	0.2663953123446845	192.0
4.5967	0.37038180807394383	192.0
3.5171	0.09272548819080839	168.0
2.5768	0.045856981188990176	120.0
1.2884	0.00413460090976514	120.0
3.5143	0.01946992022908489	288.0
3.7643	0.1248582589560101	192.0
3.5482	0.021443681821438076	360.0
4.2214	0.6443528797163935	408.0
1.51	0.01449124585633399	48.0
1.01	0.004439706106495578	48.0
0.755	0.001688037161329703	48.0
1.99	0.17672642008255934	72.0
1.49	0.008004735214854009	144.0
0.995	0.004148851839545387	72.0
1.5652	0.031027606067254965	168.0
3.5679	0.10753689539751576	240.0
3.6304	0.03881912444694535	120.0
4.8642	0.3561467162480767	624.0
4.7392	0.4122933743587964	936.0
2.8071	0.11645948503246473	120.0
2.5397	0.03946763380008633	192.0
1.9261	0.006603536239708774	192.0
3.4147	0.07690358148079213	432.0
3.5228	2.4707088743482473	384.0
4.9427	0.035876427822586265	144.0
4.8177	0.69000051012938	720.0
1.8138	0.022065567553568144	288.0
3.3151	0.010214028090558713	144.0
2.0664	0.0021271530081321544	48.0
1.2207	0.07653012647824653	168.0
3.1289	0.019872588286034443	192.0
4.1328	0.018600184439492295	48.0
4.8672	1.0808344577476419	864.0
4.6797	0.07573844797889251	288.0
4.4922	0.3189892528063183	336.0
4.1797	0.04169877969252411	120.0
1.9519	0.01175166817824902	240.0
1.8894	0.009284816730996681	96.0
3.9038	0.5897051470042243	240.0
4.3174	2.4604251670389203	96.0
2.5962	0.05398366469125904	288.0
2.1587	0.00980035149041214	96.0
1.833	0.022231906785236788	48.0
0.9165	0.005448481620987877	48.0
3.4785	0.15314760191949972	264.0
4.668	0.05087170178785527	168.0
4.3555	0.10910427496855846	192.0
1.1045	0.005361563848055084	120.0
4.293	0.02628444459014645	144.0
4.3818	0.5058147484305664	48.0
3.0659	0.023946898647409398	48.0
2.1284	0.01808612466129489	144.0
2.1909	0.03583039212389849	48.0
3.4409	0.567033216895652	120.0
4.2568	0.273088570433174	144.0
2.0591	0.04629810005098989	72.0
4.7812	1.4434763861831925	576.0
4.6562	1.7922442985673115	288.0
2.3281	0.03757281797379619	288.0
1.7578	0.016134363166202093	144.0
3.2031	0.22581642724617268	384.0
3.7656	0.22966400143241117	408.0
4.4688	0.20360791617730456	504.0
2.0469	0.006429800334672109	216.0
2.9155	0.12190893611295905	240.0
3.228	0.06467366212928027	144.0
4.2685	0.059129648234375054	192.0
4.6065	0.11495881406699482	216.0
4.669	1.1869583959087322	384.0
2.3345	0.090255709410485	384.0
4.6669	1.388473491024456	396.0
2.3022	0.028481301854526464	336.0
2.1772	0.01725636959008625	240.0
4.2919	0.20725357964147406	192.0
0.8307	0.002791479606685243	96.0
3.3853	0.09278996408886542	384.0
3.7603	0.08566655819504376	336.0
4.3046	0.3949798263442972	432.0
2.7148	0.04191922757217981	240.0
2.0273	0.01682703106689587	144.0
1.9824	0.017047006138000143	144.0
1.8574	0.012779910306363718	96.0
3.7148	0.1279492926041712	96.0
3.9648	0.147075206223235	144.0
4.0546	0.5207904858725669	144.0
4.3829	0.977362303733571	480.0
3.9102	0.685282732433393	624.0
4.2579	0.12183015129448904	216.0
4.6054	0.39962249639893344	480.0
2.6777	0.033740401873274095	192.0
3.6152	0.03701471079307339	264.0
3.8652	0.6552338290271109	600.0
0.3606	0.0017868348004412837	24.0
3.8223	1.2127115962298376	336.0
4.2071	0.21687431981891336	480.0
4.6573	1.1606648682038667	720.0
3.7974	0.11559353094162361	288.0
4.7802	0.42200680430960347	720.0
4.4677	0.12834172245823083	72.0
2.6401	0.033430614947064896	96.0
2.1401	0.05635871317736019	312.0
1.7263	0.008798383946782451	72.0
0.8944	0.04079595424991567	24.0
0.4472	0.011207085073692724	24.0
0.2236	0.0016553592577110976	24.0
3.1401	0.17993968657447112	528.0
3.6401	0.3117991201006589	504.0
4.0927	0.06396224758282187	168.0
4.2802	2.290557241953138	312.0
4.828	0.2561241622415764	480.0
3.2265	0.37665808801784806	432.0
3.3985	0.0325341373527408	192.0
1.7493	0.056773769716983224	240.0
3.4986	1.2279134569671442	240.0
2.7514	0.023190163185063284	120.0
2.6889	0.01099238604774655	96.0
1.6882	0.018419899417040142	192.0
3.3764	0.2735250850241755	192.0
3.5014	0.181075028543205	504.0
4.5089	0.1031886362620753	336.0
2.9732	0.32319273495613743	192.0
2.7857	0.3248243901002752	240.0
2.5357	0.003862730060063768	72.0
1.4866	0.2019672162959978	192.0
4.1964	0.44464607816109947	240.0
4.4911	0.14016561658354476	144.0
3.8393	0.05099680012790486	192.0
1.9053	0.027999769300549815	104.0
1.6553	0.01827911717373354	144.0
3.3106	0.7663394144583435	144.0
4.2462	0.040398904566359306	192.0
2.9394	0.4651786459144205	96.0
1.4697	0.21029740469384706	96.0
2.5865	0.23316738320636432	144.0
0.8185	5.365577035263414E-4	24.0
4.827	0.5190116304097501	720.0
4.7645	0.07849932605040522	336.0
4.452	0.234474059090644	288.0
3.851	0.026947226895572385	168.0
4.5978	0.3446914145253004	672.0
2.6739	0.0033221898847841658	96.0
1.8682	0.017347031932104073	168.0
1.8193	0.002178458111757209	72.0
4.4373	0.33600450794619974	240.0
2.6249	0.12304743960157793	480.0
2.3749	0.092333642187441	96.0
1.5811	0.020718744909572706	144.0
1.5937	0.012703734554634138	192.0
3.3749	0.04265515502765993	384.0
3.6249	0.7234582416913327	576.0
3.8497	0.12046584982999775	288.0
4.8631	0.20528286695298448	384.0
4.7381	0.23673501264966035	384.0
0.6782	0.0027676716144924285	48.0
4.7127	0.11994909498798734	216.0
2.4249	0.03425579501163156	56.0
2.1749	0.01795727627722954	144.0
3.4249	0.06681362874269325	288.0
4.0373	0.14702596381994226	336.0
1.5684	0.009446063017549022	144.0
2.9257	0.06173205237064394	72.0
4.7518	0.22351782868508963	336.0
4.1893	0.1275302597841801	384.0
4.5607	1.067716143283178	48.0
2.0616	0.1033526032674672	336.0
3.1241	0.4619447969926114	72.0
3.4366	0.13440226223110585	552.0
4.1857	0.6482755482902576	96.0
4.6228	0.14395898513566863	192.0
4.5022	0.0375548499901015	264.0
3.3136	0.369129949408034	360.0
4.3474	0.9991172764712246	384.0
2.6495	0.02345765880181716	192.0
1.5556	0.017123485442880337	132.0
3.7987	0.032033660376328044	192.0
3.9862	1.3074957185490348	624.0
4.2849	0.9854374078313413	192.0
4.826	0.5528800187981915	384.0
4.576	0.4784008175051895	336.0
3.0741	0.15785259283302366	384.0
3.0116	0.005059452484147187	72.0
4.2107	0.2614368199610908	360.0
4.2732	0.3725058859345154	672.0
4.8518	0.3128152217177558	672.0
2.6134	0.00945397567920736	120.0
3.4132	0.07804711104154194	240.0
4.8611	0.024222608565196424	240.0
4.5486	0.11021214342372332	456.0
4.7244	2.3701790574796178	288.0
4.4744	0.10020384093331813	192.0
2.912	0.10616095773366396	72.0
2.3495	0.03380015809034376	96.0
2.3622	0.042800442601787836	288.0
1.7436	0.015100137992703822	24.0
1.6186	0.007280195748535334	72.0
1.456	0.023235060412844177	72.0
0.8718	0.002980599623697344	24.0
0.728	0.004648123810966354	72.0
0.4359	7.946588902996155E-4	24.0
3.662	2.098433592013862	504.0
4.2615	1.7866679737562663	168.0
2.1378	0.03371943472484418	96.0
1.1314	0.007136314903618768	12.0
0.5657	0.0022458053936134093	12.0
3.5128	0.09273050450428855	288.0
4.801	0.35740649060062424	288.0
1.3565	0.08669300015026238	48.0
1.044	0.015709043768424635	72.0
3.838	0.12054199006934141	336.0
4.9437	1.0258919309512748	240.0
4.8187	1.1648042223223456	384.0
0.9539	6.815338279011485E-4	48.0
3.1906	0.059561666618890285	216.0
3.8781	0.3657642609105096	96.0
4.0062	0.06038513710063853	192.0
3.0594	0.5201526348300831	216.0
1.9672	0.010150076036097744	120.0
1.5297	0.06705933224975524	216.0
3.3719	0.06927933271526854	240.0
4.2438	0.7359955999108934	336.0
1.9799	0.12790276250416355	108.0
1.4799	0.0019905797912542766	96.0
3.4598	0.10072917353318189	240.0
3.9598	0.9336225800798275	108.0
4.8929	2.542797211793186	720.0
4.5804	0.11326621597163467	288.0
2.7713	0.01237349481380079	8.0
4.0804	0.5223156724900946	576.0
4.9183	0.04156583993426466	192.0
4.7074	2.6925865751290985	264.0
4.7308	0.16354257653620152	336.0
4.3324	0.6031002731645003	408.0
3.0529	0.2074335964880447	144.0
2.3537	0.031882194731224445	264.0
1.3077	0.004847589373639494	120.0
3.2404	0.13894767051442614	336.0
3.5412	0.17706729019221257	288.0
4.1449	0.41282936888592303	552.0
4.2308	0.4171569418326726	624.0
3.6346	0.09094227156356283	288.0
3.8846	0.0979754094623786	480.0
4.0817	0.16585207860771334	336.0
4.7445	0.036557516511493304	168.0
4.6195	0.1449085929748435	384.0
2.7785	0.049396170724321564	48.0
1.1705	0.008600207876952481	96.0
3.5285	0.3207708520050119	384.0
4.1195	0.24128662937800982	336.0
4.443	0.1806290952135896	384.0
2.9715	0.005783088497992139	72.0
1.9545	0.004057894846937415	96.0
3.909	0.3075821352394996	96.0
4.7191	0.03486275925070004	144.0
3.2342	0.1067075443061185	504.0
3.9217	0.18809422105641715	528.0
2.8983	0.08173226129656541	96.0
3.6483	0.08081858290893251	288.0
3.7108	0.30305006477374263	432.0
4.553	0.1444482184433582	240.0
4.3909	1.96701691315684	240.0
3.0265	0.09479359567376378	120.0
2.839	0.2731445983381491	336.0
1.1446	0.0026432143295096466	120.0
0.866	0.003638472433522111	56.0
3.214	0.05291094367021287	144.0
3.4015	0.0822302151286749	336.0
4.322	0.413108856711915	168.0
2.161	0.008426054328538157	168.0
4.9163	0.3482339904667242	432.0
4.4788	0.18739384208492993	576.0
2.4269	0.011359932391542316	192.0
4.5837	0.08895652408864407	240.0
4.4587	0.6805448484360568	288.0
2.8231	0.08189856287674502	360.0
2.6981	0.2596754208807397	144.0
4.0212	0.1384560539904669	336.0
2.2023	0.04711515681265155	240.0
3.0773	0.01031865815286892	120.0
4.6325	0.20735517447360508	336.0
4.0075	0.12238096531746123	336.0
4.9417	0.19999419623127324	384.0
1.9698	0.040999992736033164	48.0
0.9849	0.010907149713602848	48.0
4.1917	0.46909065807540173	336.0
4.1292	0.03286831904188148	192.0
4.8083	1.9964081375128444	204.0
4.1833	0.1699394376246346	288.0
4.8374	1.2849170147819677	288.0
4.7749	1.9605854911515053	192.0
2.4187	0.06045688603717281	288.0
3.9812	0.3051449229797072	288.0
4.0249	0.6364011269470211	216.0
4.6626	0.39866213980894827	768.0
4.5376	0.025731048416446356	192.0
2.9563	0.040806615284054715	240.0
4.9497	0.8563093541151829	756.0
4.5122	0.9819779246795406	360.0
2.2561	0.044972471544951986	360.0
4.4878	0.09104649538676313	432.0
3.6565	0.052454933112130675	288.0
3.7815	0.08991818678538266	384.0
4.1255	0.11487384382326127	240.0
2.7185	0.01319278766379739	120.0
1.578	0.05919382868523826	144.0
3.0935	0.0669343327340357	192.0
4.062	0.2829191696993121	480.0
3.7683	0.1366274959709699	96.0
2.9309	0.008311917540140712	168.0
1.4967	0.034589488113851985	48.0
1.5033	0.010973386036425836	96.0
4.6011	0.34316769868564734	432.0
4.2261	0.08461325025018596	240.0
3.7068	0.11730438421682265	336.0
4.8384	0.14862405528629097	360.0
1.9596	0.005161928202142008	24.0
0.9798	0.01426027349953074	24.0
0.4899	0.002593468831037171	24.0
3.9192	0.10524220477418567	24.0
4.1509	0.025211763040715596	120.0
4.8765	0.342535345833312	720.0
4.564	0.022124899614027527	168.0
3.8445	0.21968675208881905	360.0
3.6194	0.1561930399989251	432.0
3.9319	0.12972665071993106	408.0
4.9487	0.12162122675999854	480.0
2.6306	0.18638569118013493	168.0
1.3153	0.0236097462620819	168.0
3.3181	0.04518309703689738	336.0
4.0112	0.12532346918305848	336.0
4.6733	2.533620252408582	288.0
2.8054	0.008959632624964797	120.0
2.5554	0.02113328640234613	168.0
4.3267	2.1184417476470117	120.0
2.8196	0.0026528765774855856	96.0
1.9723	0.20907136276946403	264.0
3.1321	0.16980001657930188	360.0
3.3196	0.047015417002285176	240.0
3.5071	0.11092121543515532	288.0
3.6946	0.23736085868085866	192.0
3.9446	0.5760978529415297	264.0
3.593	0.05712028379093681	216.0
4.2485	0.4525868785087823	504.0
4.9477	1.5532215084385825	144.0
4.5727	0.12999630746526236	288.0
4.3852	0.055155776664832956	240.0
3.0676	2.4630042529843195	552.0
2.6926	0.2228346412649671	360.0
4.1352	0.36898427510095644	240.0
4.3023	0.07160883448705135	336.0
1.8412	0.0087357007691935	144.0
3.6824	0.09988439476092026	144.0
4.1773	0.5108532982631004	480.0
4.7896	0.3245598186705365	912.0
2.8948	0.021437869640180907	168.0
2.1448	0.014654449820227455	48.0
1.0724	0.0012309367298257712	48.0
3.1448	0.06859881812624735	432.0
3.9573	0.5190295954757858	576.0
4.8394	0.16656208249605697	504.0
4.6519	0.48400835382381047	120.0
4.3394	0.04533429313914894	336.0
3.7947	0.5319108849944314	120.0
3.2078	0.44650177641051414	384.0
3.8328	0.656610087693366	672.0
4.8969	0.08794701239597202	240.0
2.9172	0.017992045717619476	240.0
4.7592	0.19093608947844132	384.0
4.5717	0.31284765389568747	576.0
2.5671	0.0133893351368215	264.0
3.8171	0.0734986675925029	288.0
3.9421	0.145280704085053	288.0
4.8785	0.25568442115036305	96.0
4.684	0.15171606069179688	384.0
4.434	0.18633800702536973	432.0
3.467	0.09454144777964757	288.0
4.8775	0.04868702965859484	384.0
4.4283	1.0992605680557972	384.0
4.3658	0.10005368529891712	240.0
2.2825	0.049600356672726775	384.0
3.1575	0.038142514380979264	168.0
3.8079	0.5283232870060601	168.0
3.8704	0.06625630077223832	192.0
4.0025	0.7263793737533888	480.0
4.1158	0.2894542136441487	624.0
2.8425	0.10048226398794213	72.0
0.6325	0.019177451602445217	24.0
3.7175	0.2104261713672031	456.0
4.6098	0.24110650229340536	288.0
1.8788	0.04432504712042373	192.0
4.4654	0.321507226734866	648.0
2.6077	0.10098800367904914	144.0
2.6702	0.038219577816335004	288.0
3.1702	0.09318046131738811	192.0
4.2154	0.15674374073250874	288.0
4.4721	4.1128255488119727E11	144.0
3.8923	0.030493008151097456	288.0
4.5453	0.39663845559471156	672.0
4.3578	0.1543682420957566	360.0
2.3664	0.13303825184993912	48.0
1.1832	0.00734507149172714	48.0
0.5916	0.0017713188244670164	48.0
3.4914	0.010101529517669405	144.0
4.2953	0.6447296214341804	480.0
4.6422	0.051450605485115375	288.0
2.7586	0.33589524870888	480.0
4.8795	0.16531394858975546	456.0
4.3795	0.13655465041711068	192.0
2.846	0.3081501870606189	408.0
2.7459	0.024913927306897676	240.0
3.1209	0.05810446464533925	432.0
4.9457	0.12741823545047737	336.0
4.7582	2.809223562493571	360.0
4.6957	0.4819830443561841	504.0
2.3791	0.03750579357031825	360.0
1.7833	0.011874807679305377	144.0
1.6583	0.022763875873351935	120.0
3.3166	2.2008957312058464E10	120.0
4.7455	0.37123344852170703	216.0
1.077	0.007575838286356884	72.0
0.5385	0.004686000347646768	72.0
4.0336	0.019797996851139033	168.0
2.3958	0.008893274233855664	192.0
2.1794	0.01690124065225973	120.0
2.0833	0.025847354172583437	288.0
1.9647	0.03080565722814299	240.0
3.2419	0.024582027526776074	120.0
3.4583	0.2469711722487773	192.0
3.5833	0.5894795955864538	240.0
3.9294	1.2597355479829275	240.0
4.1713	0.3791274197474195	96.0
4.8959	0.1638932378377831	384.0
2.5417	0.01347210903031737	192.0
3.6042	0.026333220077503938	192.0
4.0162	0.18230543517893238	504.0
2.4207	0.035911753546315595	216.0
4.8867	0.3066016434913763	144.0
2.8496	0.027976851627045107	96.0
1.7748	0.010763482244783518	144.0
1.4248	0.0011398302603993216	96.0
3.0496	0.06136062458881497	288.0
3.3496	0.08442198258967437	192.0
3.4871	0.13806305760226678	24.0
3.5496	0.31942343789341976	144.0
4.1617	0.16777654016914312	144.0
2.7129	0.08835220274158928	48.0
4.6508	0.09050706464495306	192.0
2.8879	0.04285995609461679	192.0
4.2367	0.037458429092112056	192.0
3.0871	0.16272253763281697	384.0
1.8248	0.011217241599752015	120.0
1.6248	0.8865196547503729	96.0
1.5748	0.06632447596894053	96.0
1.3748	0.008426119989508152	192.0
0.8124	0.004671332520956639	96.0
0.7874	0.004415590277858428	96.0
3.1496	0.33540771344996756	96.0
3.2496	0.39571182637882885	96.0
3.3121	0.11046254316624982	432.0
3.7121	0.0796495327890625	240.0
4.9508	0.05942644494280103	192.0
4.5133	0.1426385588475796	288.0
4.4508	0.09728537532930659	240.0
3.1113	0.2219416555690259	132.0
3.2879	0.15024619569203423	192.0
3.7363	0.28968878890418637	168.0
3.8613	0.04076525643949935	288.0
3.9762	0.09853788841246569	480.0
4.2024	0.2144641855129521	600.0
4.7508	0.40796369767849683	288.0
4.6883	0.563485893546499	432.0
2.2738	0.014065885155559954	144.0
2.2113	0.2784840660124246	240.0
4.9649	0.5784641222562641	384.0
1.9131	0.006277846512602991	144.0
3.6387	0.17431447870512784	72.0
3.8262	0.4902610550489044	144.0
4.0274	0.13435799249248248	360.0
4.8508	0.12439795628824868	192.0
1.2369	0.015266678764874086	144.0
3.1129	0.1825749228046334	288.0
3.2863	1.086103996971815	192.0
4.1976	0.16445861323882127	288.0
4.5585	0.3271334946607567	480.0
2.623	0.11686607964838913	24.0
1.3115	0.002476265182849602	24.0
3.0887	0.12979988089500694	360.0
3.1512	0.03230380030413471	144.0
3.7762	0.06733175781528189	384.0
3.8105	0.1627379923083936	104.0
4.6915	0.1564171364516369	768.0
2.9597	0.050112601903606446	96.0
2.502	0.04644071169707331	432.0
2.4597	0.08819459638880289	312.0
2.377	0.02972690679655443	144.0
0.469	0.0033319269568892196	24.0
3.3347	0.5046820378629491	168.0
3.5847	0.22799419571492763	144.0
3.9395	0.11562593668350019	48.0
3.6028	0.16749043830668597	384.0
4.7117	0.16110883219880634	96.0
2.9496	0.0071833703601669185	192.0
1.9748	0.030598710312006006	192.0
3.4496	0.11228386575339755	480.0
4.1569	0.3984062598901801	32.0
1.7607	0.006261376843696098	96.0
3.1464	0.18212905206223695	432.0
3.5214	0.4763420367271465	96.0
4.7181	0.2744301952434398	480.0
1.7889	0.03935803860076703	24.0
4.9447	0.3094413572148369	384.0
4.3197	0.15692019330390394	384.0
2.9411	0.15147295534484329	192.0
2.8089	0.44044999310881394	384.0
4.7085	0.1544410336268811	336.0
1.8385	0.031785507820927705	180.0
3.1145	0.08009808865995183	144.0
3.3645	0.04283889423459186	72.0
3.677	1.2375083251663455	180.0
4.1665	2.603953128342255	288.0
4.8662	0.43276870052795857	24.0
4.6787	0.22943007644812496	720.0
2.4331	0.09511063597165048	24.0
1.4353	0.010162156509636588	240.0
3.5581	0.1366016186671004	384.0
4.4463	0.2963843625375375	432.0
3.6919	0.012708073207022608	144.0
3.8794	0.24660533519090677	480.0
4.6444	0.11510084671726872	288.0
3.9472	0.05001182632668133	144.0
4.5431	3.160233072252595	144.0
4.4181	1.1566576076002093	120.0
2.8653	0.03706772037639894	360.0
2.6153	0.31948529299233996	120.0
1.5264	0.02230507816284444	144.0
4.7476	0.16669487158833363	432.0
4.6851	0.03719325914107685	384.0
4.3726	0.44638865259912563	96.0
2.1863	0.007432295777107356	96.0
3.2512	0.049006611950062506	192.0
3.5637	0.11594099972353433	240.0
3.5355	0.31642307552482407	444.0
3.7855	0.15710286471232848	432.0
4.8713	0.12200444886457262	288.0
3.1544	0.008891686180504621	192.0
3.8419	1.012182349779323	288.0
4.5662	0.23430442011704145	384.0
4.0037	0.029820873964126804	144.0
4.7697	0.12920456240135536	240.0
2.7911	0.02172405011333467	240.0
3.6661	0.2090326881702822	48.0
3.8536	0.16649404892541497	384.0
4.7021	0.10280696339668793	384.0
3.2573	0.5554943640161127	312.0
3.3823	0.5824683137343527	144.0
4.7979	0.058390956632138113	192.0
1.9026	0.017037981482644682	216.0
3.1177	0.1273784159347997	104.0
2.569	0.07578922923130449	96.0
1.2845	0.007873255892263842	96.0
4.0755	0.5145086234892915	576.0
2.3685	1.44140713106367	192.0
3.681	0.022857331924114987	288.0
4.9729	0.16279342436428124	240.0
4.7854	0.42526469581798665	240.0
4.5354	0.2650561213558831	528.0
2.8302	0.5288730979114007	432.0
2.7677	0.03638277747108987	288.0
3.3302	0.10362825207494097	600.0
1.8974	0.10677340266602187	120.0
0.9487	0.017963369160497678	120.0
3.7323	0.04596928285764079	192.0
0.6481	0.003915950263944978	48.0
3.0299	0.08038292044693662	192.0
3.1193	0.02571563902165508	144.0
3.4943	0.055252151969853	384.0
3.5299	0.05187002571301491	192.0
3.7443	0.05659806613311957	168.0
3.9674	0.3037792689958678	648.0
4.1761	1.5162482266314328	72.0
4.6989	0.5177536142728059	96.0
2.1307	0.015035889868158847	168.0
2.1932	0.08892304204937318	192.0
1.8466	0.014966736424980809	336.0
3.5057	0.8096931461082022	456.0
3.6932	0.44248383545027536	336.0
3.8807	0.1466882404097305	288.0
4.9082	1.2840109117739757	480.0
4.5957	0.7617649323328806	48.0
3.0166	0.04930437269834442	192.0
3.5791	0.0369180559924871	288.0
4.4011	0.45884853850930085	576.0
4.3428	0.25388377862668676	768.0
2.7964	0.015325836754982447	288.0
2.4839	0.0256906611850809	144.0
1.5232	0.02963306270976318	24.0
0.7616	0.0021522400602407288	24.0
4.2178	0.04943403436402605	240.0
2.4536	0.04143341897361097	288.0
1.6643	0.015402015727886464	72.0
4.9739	1.8868559345428366	936.0
4.7864	0.12403873981975266	432.0
4.5989	0.05670561100873783	240.0
2.881	0.04458135350159864	240.0
2.506	0.03037208086971077	72.0
2.5807	0.07764601616963773	360.0
1.8841	0.0028266343479117495	96.0
1.253	0.006876056171677192	72.0
4.988	1.1669232253461814	144.0
4.613	0.05973715851723682	48.0
4.6755	0.23741691185068703	504.0
2.494	0.009544983447995037	144.0
2.3065	0.00653002141189063	48.0
2.119	0.03924558221251573	240.0
2.6533	0.04721135275030974	24.0
2.4658	0.25682446009886917	72.0
1.2329	0.105401461348265	72.0
1.8921	0.003167186212976958	72.0
3.6592	0.020664716372266412	192.0
3.7842	0.1421502531884471	72.0
4.4306	0.02500072862721936	144.0
4.3681	1.0872983979752462	216.0
3.0903	0.008636269308226474	96.0
3.1528	0.04430531852358399	192.0
3.5903	0.4103192068059798	432.0
2.2847	0.02633068631621427	120.0
2.0347	0.0376017582939312	240.0
3.5972	0.09361689922025107	336.0
4.0694	1.5294923155142897	240.0
3.7908	0.10765998303577362	288.0
3.7283	0.05109971702415805	240.0
4.8559	0.6443526834482327	360.0
2.7092	0.05179214068903093	480.0
0.3317	0.001249407563591376	24.0
3.9661	0.24849540486866317	264.0
4.6303	4.297053300731932	168.0
2.6589	0.005256082481082558	144.0
4.0175	0.09619354005963032	336.0
4.1425	0.24834766868116276	192.0
4.5409	0.054515530418939306	144.0
4.4159	0.23165954098487873	336.0
4.3966	0.08965519431467328	216.0
4.0841	0.14593896922633576	144.0
4.5277	0.47847241039772825	336.0
4.5902	0.047341250573481375	216.0
1.3038	0.02557446705895927	144.0
0.9644	0.0014478395264632127	48.0
3.2326	0.026289022352216307	192.0
3.6701	0.011091651631431887	144.0
4.0902	0.12237608895020458	384.0
4.7223	0.059186659999795665	240.0
2.1424	0.025828575961895694	192.0
2.9206	0.06009498649746092	120.0
2.7331	0.03466646542437957	216.0
2.5456	0.17716458300674276	108.0
1.2728	0.057604444203207095	108.0
3.1081	0.058366878220112994	288.0
4.3463	0.49368631202946744	864.0
4.0963	0.07392330167203909	240.0
4.329	0.1951467891753964	672.0
2.8355	0.1571174697146489	144.0
4.046	0.23301247060589958	456.0
4.1085	0.8316690380397631	120.0
3.0512	0.017522250149369256	168.0
4.1024	0.16625816277337435	240.0
4.4418	0.37105016686973613	504.0
1.2042	0.011140934663671942	96.0
2.7166	0.11902524192146302	240.0
2.1541	0.035712053955649026	72.0
4.1207	0.12247112913246383	192.0
4.8021	0.3616077576908765	768.0
4.3646	0.12909114158355806	288.0
2.5573	0.04719027775536233	336.0
4.1146	0.15515468544390387	264.0
4.8229	0.08810592778493742	264.0
2.8249	0.11737663779240393	192.0
0.2828	0.007142471615225077	12.0
0.1414	8.020111713449296E-4	12.0
3.5749	0.22145260024808522	240.0
1.9313	0.0125827483257126	120.0
3.7376	0.1768931864521619	288.0
3.8626	0.33952449512071325	120.0
2.9749	0.05230076070483847	288.0
3.2249	0.3238780958199641	96.0
3.9749	0.41273765642154103	192.0
4.5111	0.03109727834680598	192.0
4.4486	0.09729389583935699	552.0
1.7059	0.005384757545925822	96.0
3.7868	0.13686305640180763	384.0
3.2757	0.16377836156652847	288.0
2.486	0.010332468178603449	144.0
1.8055	0.017700757675811474	264.0
1.118	0.04055733031782438	144.0
3.2985	0.08800347881333437	48.0
4.653	0.15114877686391992	336.0
2.514	0.23659210118967167	96.0
2.4515	0.030620082700352214	240.0
1.257	0.003622671247285325	96.0
2.9017	0.06442382648731382	312.0
2.7767	0.01932321236563439	144.0
1.7321	7.097737420800426E10	56.0
3.3392	0.023063082207045227	240.0
4.0534	0.03394467590214845	240.0
4.3841	0.5799023102954379	396.0
2.6608	0.0425490720954258	48.0
1.3304	0.0037524225535889855	48.0
4.2591	0.181603721749525	552.0
4.9204	1.1058039306290084	792.0
4.7329	0.43476384195673745	48.0
4.4204	0.11281344620374512	336.0
3.5398	0.11023242063060934	384.0
3.8523	0.26662648141837053	192.0
4.98	0.7355334317835514	96.0
2.9275	0.1658151581062839	384.0
2.99	0.03939038314103982	336.0
2.49	0.06855402749079076	96.0
1.995	0.015411858524373656	240.0
1.245	0.001716020821731945	96.0
3.49	0.09312922360822995	288.0
3.5525	0.10069682751964137	432.0
3.99	1.3939538239919784	240.0
3.2741	0.08093406883563148	24.0
4.9518	0.2394955997424404	120.0
4.52	0.193487983679006	360.0
2.51	0.03254932956679113	240.0
2.4759	0.038612434833794396	120.0
2.01	0.03576440705364803	168.0
1.7692	0.01984678671351503	96.0
1.755	0.04291728086172952	96.0
1.005	0.05132022567204331	168.0
1.0817	0.01578590822236947	120.0
0.8775	0.0018633883967140719	96.0
3.01	0.05150954539067243	336.0
3.0725	0.5105194683746959	72.0
3.51	0.3303966408529959	96.0
3.5384	0.15323642704424856	96.0
4.02	0.9062467259664118	168.0
4.0768	0.04637129866750911	240.0
4.3784	0.2643693049635658	384.0
2.8142	0.15535710670246772	120.0
2.2517	0.02315208115129508	104.0
1.4071	0.017982720208124192	120.0
0.7348	0.009689402861113194	96.0
3.0017	0.1597711806298321	288.0
3.6892	1.2761076944148044	720.0
4.7466	0.23136980691651843	432.0
2.9983	0.01652920569449634	336.0
2.3108	0.024833424245571223	240.0
1.7804	0.01805100408500948	120.0
3.7483	0.20651789717339852	288.0
3.1953	0.09887910029874547	264.0
3.4453	0.018064525839236012	216.0
4.7969	0.13640469063329874	576.0
4.4844	0.04355184264568379	168.0
3.6797	0.08620139385129733	264.0
4.2344	0.15511114913988422	432.0
3.5735	0.22625233788198784	408.0
4.272	0.27610585932234244	336.0
4.2095	0.07253987766125647	120.0
4.978	0.19544238733760722	384.0
2.5515	0.009583342968198849	192.0
3.1765	0.12226080003074458	240.0
3.3015	0.09764786420737437	144.0
3.739	0.04936997688128031	240.0
4.6152	0.18056889145213972	384.0
3.3076	0.08710230495717042	312.0
3.4424	0.027711679676940548	192.0
4.7265	0.2775498206665361	408.0
2.832	0.04970444069522273	144.0
3.043	0.05546861049469953	480.0
4.1485	0.7464817986701746	624.0
4.3139	2.8346054419062057	456.0
2.5632	0.03575889082003414	240.0
3.1257	0.1877017899423663	240.0
4.6861	1.9377785675224004	360.0
3.8118	0.06434069702481793	168.0
3.8743	0.09957903152246672	288.0
4.4643	0.4421780473239778	288.0
2.3259	0.12133792110364539	120.0
1.9442	0.03242567060442525	192.0
1.5067	0.006102852558797167	120.0
3.2634	0.0944486423853732	192.0
3.8884	1.6087977507249889	192.0
3.9509	0.18931073364637996	384.0
4.7011	0.8489227820582528	672.0
4.3886	0.43761361796441633	360.0
2.7568	0.18489318906540575	48.0
1.3784	0.0043200983668612025	48.0
3.5693	0.28906945041899235	504.0
0.7483	0.02995441013808886	48.0
3.4307	0.02817552726082795	144.0
4.6249	0.02274419577452136	192.0
4.3749	0.31427563307488526	576.0
2.4062	0.014465092901446042	192.0
3.2187	0.08752349294445594	96.0
3.3437	0.22077822638266298	432.0
4.9376	0.14084717263585844	336.0
2.0688	0.014832774828846595	72.0
1.0344	0.0022242630666369223	72.0
3.4438	0.15429615900950466	288.0
3.7563	0.017479655922329584	96.0
4.1376	0.27222129970323294	72.0
4.2626	0.46060302383830276	480.0
4.4249	0.19116198554502262	384.0
1.5906	0.0024305552051373525	48.0
3.1812	0.01895389383935253	48.0
3.9937	0.04089753821017439	384.0
4.8114	0.058149227993908426	432.0
4.6239	0.3009691205111267	504.0
4.4989	3.871877713720096	336.0
2.9682	1.3265131985317566	480.0
1.1091	0.0015690339027969458	48.0
3.8432	0.03320963630551432	192.0
4.5011	0.18626856434730144	408.0
4.3761	0.022865821161758504	144.0
2.8443	0.09109347435764903	384.0
2.5318	0.6699031775324329	336.0
3.2818	0.10302280409285913	288.0
4.337	1.3137300241924095	720.0
2.2935	0.00906014857628179	144.0
1.6155	0.04254910598501738	216.0
4.7255	0.0832469164693066	192.0
4.4755	0.06878617079200922	216.0
0.911	0.001303787618780916	72.0
0.8485	0.037368004620475403	36.0
3.5185	0.16910030528424613	504.0
3.956	0.2364563885184907	336.0
4.5255	0.26390065997838974	12.0
4.588	0.701045080593758	576.0
1.772	0.040163889983432455	312.0
1.4595	0.005431139786878703	96.0
3.544	2.007534612978361	312.0
4.2755	0.21004683857609052	96.0
4.9406	1.4859941883430565	912.0
2.7203	0.16154624756381963	192.0
1.7664	0.02436360107822111	48.0
0.8832	0.0020917006313538877	48.0
4.8094	0.591354215368483	576.0
1.2961	0.06126915425011248	48.0
3.3422	0.07498331437636807	168.0
4.1219	0.04117493067781197	264.0
4.5848	0.13142519690791232	312.0
4.4598	1.0063415321252478	576.0
2.9799	0.3057649659931485	144.0
3.4799	0.02451759127461628	336.0
3.6674	0.24977525602298556	192.0
3.8549	0.0699615981648094	240.0
3.9799	0.7359358134581271	72.0
4.1473	0.7918854493382241	144.0
4.9588	0.05758942957800173	456.0
4.4777	0.34906240471536876	384.0
2.5826	0.004127600088395411	96.0
3.3956	0.05360580293381645	192.0
4.1037	0.4583931155229948	120.0
4.8908	0.27877786452927467	96.0
2.4454	0.004811064689874911	96.0
2.1954	0.019470778464210525	240.0
2.8671	0.04586903805511611	240.0
2.6796	0.013561147207724389	144.0
1.6523	0.01528526774745842	96.0
3.1796	0.03350822554904198	288.0
2.0445	0.007888996849260366	96.0
1.241	0.00359115562559964	96.0
4.089	0.617293939447336	96.0
4.9608	0.17713944843671925	432.0
4.5233	0.10914049443272233	384.0
2.1679	0.01792934030709148	240.0
1.634	0.004734066726086894	48.0
3.2696	0.26682326833702064	360.0
3.268	0.08516173125281057	48.0
3.5805	0.06953037330822553	144.0
3.7696	0.38314329168827044	648.0
4.286	0.10580426898559381	288.0
4.9396	1.7889708737493493	144.0
4.8146	0.47950722830319137	432.0
4.6271	3.1093773522384254	936.0
4.4396	0.2393690209039505	384.0
2.9698	0.14570886001411054	324.0
2.4698	0.119154789368622	144.0
1.9849	0.026635927009465377	120.0
1.7349	0.007082990698108915	96.0
3.4073	1.1497585193737905	576.0
4.2521	1.7377441171356622	96.0
4.8104	0.15294516482208564	336.0
2.9052	0.028034501773163356	72.0
2.6552	0.033340963771280485	288.0
1.8276	0.015652467312975205	144.0
1.6401	0.1495184722934937	264.0
1.4526	0.004031970680443919	72.0
3.2802	0.4447080506530483	264.0
3.7802	0.2123009525021189	264.0
4.7937	0.16040924758499386	384.0
4.5188	0.3410104087270156	600.0
4.3313	0.48633142426297127	192.0
2.8844	0.08177972459816374	24.0
2.6344	0.01276061051976285	120.0
1.4422	0.042585363262332976	24.0
0.7211	0.004426677180163097	24.0
3.1969	0.09738004880114204	384.0
2.1095	0.06255419729859568	96.0
3.422	0.02613411619586259	168.0
4.219	0.4313692842115415	96.0
4.531	0.11462838952684251	216.0
4.5935	0.09701795364230748	336.0
2.953	0.27701579533368204	120.0
1.4765	0.014533856429352454	120.0
4.7434	2.6146556278204116	720.0
4.6184	0.3876670601302976	576.0
2.9967	0.05828732766894973	144.0
1.0296	0.0021867114555789158	72.0
3.8717	0.05240527645173643	312.0
3.8092	0.06267560102367042	312.0
4.0559	0.07272420300250815	192.0
4.1809	0.44670455909908924	240.0
1.9079	0.009815426989007392	48.0
1.3454	0.08847415071977593	120.0
1.0954	0.08239644610148389	48.0
0.8602	0.00949544371360389	120.0
0.5477	0.005414278792159166	48.0
3.0033	0.0720455675877929	336.0
3.8158	0.03784685438222368	48.0
3.9408	0.2313431164523081	480.0
4.1316	0.04473567874811124	240.0
4.6819	1.1097801973392052	96.0
4.4944	0.22440552699299587	96.0
2.2472	0.05374010176728916	96.0
1.8111	0.021113022936333437	48.0
3.6222	0.27233414254442323	48.0
4.8806	0.09383294171914258	336.0
4.5056	0.3270995238326577	480.0
4.2556	0.09126570586840899	552.0
4.4822	0.18050687679897237	672.0
2.8036	0.038741312863777466	192.0
3.1161	0.0319691304873686	360.0
4.0447	0.3086054203340609	192.0
4.7053	1.0514103423010965	576.0
4.4553	0.592762044185406	480.0
4.9578	0.1309592488269118	216.0
3.0414	0.09204488526893329	168.0
0.4583	0.003232757753721671	48.0
4.7297	0.15637269490616745	360.0
3.1273	0.11545738289669316	288.0
3.2711	0.14515293651015782	432.0
3.7523	0.04608457724680193	24.0
4.2297	0.08675112798437112	312.0
4.6829	0.11754989588916942	288.0
4.3704	0.3516406384235893	672.0
2.985	0.059026406976954604	216.0
2.735	0.041780870997172315	48.0
2.7477	0.010606949374960095	288.0
2.5475	0.03729779463265004	240.0
2.4352	0.047624175792066126	288.0
1.9925	0.010326521198294358	72.0
1.3675	0.0025826271908044873	48.0
3.735	0.06257468843841707	288.0
3.985	0.18145220649057592	72.0
4.2825	0.17235833493759856	432.0
4.8425	0.33830019998731586	672.0
2.265	0.029503016568924068	192.0
3.015	0.1213810043873309	504.0
3.265	0.08376841827384851	240.0
3.4525	0.36251472567164456	72.0
3.8275	0.15854917411525093	192.0
4.7424	0.8355761495849947	480.0
4.6174	0.2848873892289703	144.0
2.3087	0.025977976829835825	144.0
3.4337	0.07563389762754014	360.0
3.6837	0.058467958625897154	192.0
3.9962	0.07484203405147127	168.0
4.8826	1.516956042005404	168.0
2.4413	0.1653994454345593	168.0
3.048	0.4694591542438502	432.0
0.5745	0.002631882687637699	48.0
3.923	0.17201145060698764	408.0
4.8415	3.0524554205494496	216.0
4.654	0.232358188553917	504.0
4.4665	0.03438691973224195	192.0
4.0915	1.0173608621835228	576.0
4.8918	0.3988509485152463	720.0
4.7043	0.24515222035370243	504.0
4.5793	0.5484991705884568	432.0
3.6959	0.06001438312159735	216.0
3.9459	0.4520816815656872	504.0
4.5706	0.5302293345644102	528.0
2.8478	0.019061688302031143	168.0
3.4728	0.40902405890892624	504.0
3.4103	0.027386505960066643	168.0
4.0706	0.342507489811851	192.0
4.4294	1.0514387718139915	360.0
4.3669	0.051742881005452546	312.0
3.2772	0.0915585348126342	384.0
1.8708	0.03211079290349517	240.0
1.2124	0.006103451652961667	56.0
3.2373	0.16891233488968282	72.0
2.2627	0.01958972669672221	12.0
4.4238	0.09885951007436233	192.0
4.2988	0.7900280092235334	96.0
2.1494	0.006099472726418753	96.0
1.1874	0.006469355057561188	96.0
3.5623	0.10544508386590223	384.0
4.8363	0.09085441459708932	456.0
4.8754	0.07538555424844162	192.0
4.5629	0.26313160843395167	288.0
1.2247	0.006928770737431478	120.0
3.0627	0.0535968771523585	192.0
3.1369	0.5006454788199335	144.0
3.2619	0.49864068247734394	240.0
4.5387	0.3944843015233346	144.0
3.9256	0.09050472500757678	432.0
4.1012	0.2010866639939195	372.0
1.8628	0.002915995068747179	120.0
1.7378	0.01089272666922625	144.0
3.0381	0.018845858885015332	240.0
3.4756	0.35076679419216816	144.0
3.7256	0.23740543972826345	120.0
3.7881	0.012173358726613515	96.0
4.0137	0.13955551311164527	360.0
4.2012	0.4598563321233087	240.0
4.9254	0.283581051742658	648.0
4.998	0.3166041475624297	480.0
4.3105	0.14720243159717938	240.0
2.874	0.018547606205174816	144.0
1.562	0.0674444866108388	72.0
0.781	0.002301287467162183	72.0
3.3377	0.1102205621587018	264.0
4.2379	0.8103364358266845	240.0
2.126	0.027568799682740064	96.0
1.063	0.014276616375809681	96.0
4.0645	0.35748079891345697	240.0
0.8062	0.005111043964006967	96.0
3.1623	2.0493508096026544E11	144.0
1.8868	0.05054374685823859	144.0
1.3491	0.00499728940485511	144.0
0.9434	0.00823699749116713	144.0
3.4482	0.6897893395471328	240.0
3.5861	0.14237519525568132	696.0
3.7736	1.2290846377727576	144.0
3.9611	0.7529801139394294	336.0
4.0472	0.7204741852788175	432.0
4.1097	0.13257002844284216	432.0
4.9528	0.20879907765902317	624.0
4.3278	0.117893911277406	144.0
3.1639	0.17198324166201928	480.0
3.6014	0.10789198952625156	144.0
2.6268	0.023079568754496904	192.0
2.4393	0.004549846774352773	96.0
3.0643	0.027449506011635094	192.0
2.8107	0.016647603511955822	192.0
3.9357	0.05583381150211153	216.0
4.4956	1.67073234466352	816.0
4.3081	1.1447224588991958	72.0
2.3728	0.01353312638050852	216.0
0.6557	5.18838327479898E-4	24.0
3.5889	0.5196317312456813	96.0
4.2403	0.09431529040739406	240.0
4.8847	0.1738073184260429	384.0
4.6347	0.2527649349467538	144.0
4.5044	0.688031802763021	408.0
4.2544	0.16243210339416692	240.0
4.0669	0.0874046306244054	264.0
4.902	0.08374802127127623	192.0
4.777	0.3483293464473718	480.0
3.1385	0.1718454279539401	288.0
2.6115	0.014248054044401215	144.0
3.3615	0.30723822267691503	528.0
4.1605	0.04194999480705519	192.0
4.9669	0.05342187965652556	168.0
3.3272	0.03403013397962695	192.0
3.3897	0.07408213786766282	192.0
3.8897	0.261783211662987	192.0
3.9522	0.12291016549716005	336.0
4.8456	0.6382622755992315	168.0
2.4228	0.008263878183242923	168.0
2.2978	0.04552902235991496	48.0
1.1489	0.007120095149730332	48.0
4.1581	0.3566909360497448	288.0
4.8198	0.049699396541655005	192.0
2.8018	0.0653003635306959	192.0
2.0518	0.03524679213978743	120.0
3.9268	0.049733713035152505	240.0
3.9724	0.08086264819439748	192.0
4.8052	0.8254136187852055	792.0
4.5552	0.14258178228601537	504.0
3.7776	0.03864325546328473	360.0
3.9026	0.014698365807817027	168.0
4.756	0.09197730199093712	288.0
0.9695	0.002644507108925609	96.0
3.6905	0.13365579963101482	288.0
4.5177	0.8174054582677854	384.0
2.7276	0.059678845091184485	144.0
1.6763	0.14168264335057756	240.0
1.3638	0.006084185123199859	144.0
3.3526	0.3540747840233962	240.0
4.7948	0.10488579854791169	264.0
2.0224	0.03961858246520933	192.0
4.8693	0.09671884209637938	312.0
2.9034	0.04285625859483844	144.0
2.3409	0.06427643066945166	96.0
2.2159	0.01133258062236564	216.0
1.3892	0.013931061535913614	48.0
1.6733	0.10973798285704106	48.0
3.1591	0.06743894200008071	312.0
3.3466	0.1997455694877317	48.0
3.5341	0.1786511848365535	384.0
3.7216	0.2303348191746295	576.0
4.9214	0.06745915918440915	240.0
4.7339	1.985030146750887	576.0
4.5464	0.03089965422577734	192.0
4.3589	9.300706752176584E9	120.0
2.0857	0.0036479539901392855	96.0
1.4491	0.0036382604140499097	96.0
3.0232	0.09169396517199857	432.0
4.6411	0.1533455484524211	480.0
2.7893	0.03416417483094847	168.0
4.994	0.10050458810474083	240.0
4.9315	0.41364599981170613	72.0
0.9055	0.002125604807588388	48.0
3.5595	0.010263859894166671	144.0
3.9345	0.2383976534329122	120.0
3.7014	0.20484066851579996	528.0
4.2778	0.14691374451399497	288.0
2.2361	1.9147401600162342E10	144.0
3.6111	2.238557341926594	264.0
4.6658	0.22248549240612192	480.0
2.0421	0.014720022867550142	144.0
3.2296	0.01873074866625757	192.0
3.7921	0.06953445098770317	192.0
3.1417	0.006773814939720069	192.0
4.6076	0.0665747656298663	336.0
4.6701	1.6202915970916365	432.0
4.1701	0.06055866519272968	480.0
2.9462	0.0695013399090385	96.0
2.0712	0.015005113652364344	192.0
1.4731	0.006730190019879956	96.0
3.1337	0.022622200461228203	120.0
4.7613	0.05587240023714912	264.0
4.5738	0.1308450103224459	120.0
4.3863	0.6077576534044056	192.0
2.2869	0.004419842962334997	120.0
1.1747	0.003140023363812361	96.0
3.5369	0.05894587660986872	360.0
4.1988	0.10031122261170822	288.0
4.3012	0.6903951249504985	600.0
2.9631	0.046957476090938144	240.0
2.0881	0.04314319320565119	72.0
3.5256	0.015292426142877957	96.0
4.9041	0.8819123594789744	480.0
4.7791	0.36861123265407514	120.0
2.9833	0.08765079980548762	288.0
2.8583	0.015369141265637154	144.0
3.6083	0.11296471893228954	192.0
4.2166	0.21471852367722022	480.0
4.352	0.09042759516330534	360.0
4.2895	0.28653131169994595	48.0
4.8249	1.3753589889965951	192.0
4.5749	0.23072277364974525	480.0
2.7313	0.036620378782572516	312.0
3.6688	0.10141229396128892	336.0
4.9749	0.7878271321014836	360.0
2.3937	0.019402128260480822	192.0
1.6031	0.02105725391083979	192.0
3.2062	0.2927546786813764	192.0
4.2249	0.3014055489002203	384.0
4.4632	0.7464250432935842	96.0
4.3382	0.15201059891478508	216.0
2.9816	0.028505837456577865	192.0
2.8566	0.19845022549270652	48.0
2.2316	0.014421772508285358	96.0
1.4283	0.02908944507362321	48.0
3.4191	0.14319036662163853	576.0
2.0809	0.021747022373347136	144.0
4.986	0.2779329374536701	672.0
4.736	0.06962440335178144	360.0
3.618	0.07158668756031261	288.0
3.743	0.06769978489728601	336.0
4.111	0.4600182960825805	312.0
4.639	0.8280913300332031	120.0
2.9445	0.06062191340379286	152.0
2.3195	0.016530816940758086	120.0
3.882	0.04190436368662631	96.0
2.7946	0.02090239970584662	240.0
4.2767	0.44577093055750083	480.0
4.4733	0.4749662011172404	576.0
4.3977	0.22383506485368798	624.0
2.5179	0.023502734184262408	168.0
1.7088	0.00947795991851308	48.0
0.8544	0.0053539186737907585	48.0
3.4554	0.07613950146298976	336.0
3.4176	0.20948860476346454	48.0
3.7054	0.07842065520810593	216.0
4.6648	0.9158105071401224	48.0
4.5398	0.5765052810745601	600.0
2.7074	0.02222147146039788	168.0
2.5199	0.010821087835665821	240.0
2.3324	0.20501559328113217	48.0
2.0199	0.017518380482215434	48.0
1.1662	0.136951945743931	48.0
0.5831	0.006666279899945948	48.0
3.0199	0.060300708679278614	48.0
3.8949	0.2741902274893562	576.0
4.0398	0.1904606708267238	48.0
4.2273	0.03874679399723391	168.0
4.99	0.1818935335277274	384.0
4.49	3.067146296154533	144.0
2.995	0.029319772016606294	192.0
2.245	0.19966865291098657	144.0
1.1225	0.018156384912458634	144.0
3.245	0.13473189053638635	408.0
2.6683	0.0913836063882627	96.0
2.3558	0.0026916126309970423	96.0
4.0866	0.16926330975684323	336.0
4.9759	0.6303562298417091	120.0
4.51	1.3079298594857391	480.0
4.4475	0.058807459136914986	144.0
4.3509	0.05672417921550732	240.0
2.005	0.0218571342334144	192.0
1.8221	0.023088053301762557	72.0
1.6971	0.04598930525389733	36.0
3.3317	0.058096066434245586	192.0
3.6442	0.3060982497263467	72.0
3.755	0.17223764272284825	384.0
4.01	0.7676968946907436	192.0
2.7821	0.07095667325802424	360.0
2.6571	0.03873228808197382	288.0
2.2804	0.03302816504583461	48.0
1.1402	0.010362495061599475	48.0
4.0608	0.2349291888482412	576.0
3.1305	0.18009162229463982	168.0
4.989	0.2043051067344095	528.0
4.9265	0.11192244282028696	336.0
4.6765	0.2713351005008917	320.0
4.0632	0.032835437830271985	192.0
4.5618	1.429545694394733	720.0
4.4866	0.08290892605509725	192.0
2.9933	0.1181068715886795	48.0
3.1559	0.1873911601906002	144.0
3.4059	0.9374961545740916	240.0
3.4684	0.023601708512160258	144.0
4.1243	0.417774442971222	624.0
4.7634	1.0982297319042118	360.0
3.0067	0.10200338707363699	96.0
3.0692	0.01853133891017933	144.0
4.8062	0.27313920428241545	384.0
0.6164	0.00665177154542107	72.0
3.2156	0.08282954985327251	528.0
3.8406	0.1383863660107636	360.0
4.4057	0.05781330421268649	288.0
1.8358	0.012109356706787366	96.0
4.4068	0.12432219934089517	264.0
2.8284	1.921218600962407E11	84.0
2.7659	0.10122643536669784	240.0
2.5159	0.030484990351851593	240.0
1.4142	2.92426022912091E11	84.0
1.0392	0.00826604289613897	32.0
0.7071	0.011578345580801397	84.0
0.5196	0.003543369557519327	32.0
4.981	0.7639092599360993	624.0
2.2405	0.012998272516142606	168.0
3.178	0.21308718599766507	336.0
3.303	0.04172413066100944	408.0
4.0435	0.01996090328611899	192.0
4.5815	0.060043823015803355	456.0
4.4565	0.32255368993901357	576.0
2.8914	0.16018658023949683	240.0
1.4457	0.030542578268523357	240.0
3.6414	0.10620823842418758	480.0
1.6793	0.0059470665555636515	96.0
3.3586	0.1367234674780775	96.0
3.7961	1.8018378406286502	336.0
3.7336	0.16263787134903396	576.0
4.5826	2.5901249638473422E11	240.0
4.4576	0.03563546705299814	168.0
2.6038	0.07492009792440513	240.0
2.2913	0.04911234953760868	240.0
4.8549	0.23028827468073132	504.0
2.8337	0.038304979822441965	240.0
1.3856	0.002695771341677755	8.0
0.6928	0.0025569074277882464	8.0
0.3464	0.0023178761621238664	8.0
0.1732	3.7704193528043106E-4	8.0
3.8962	0.13011668588569592	288.0
4.1049	0.40172495400202024	624.0
4.982	0.21383881386464054	288.0
3.366	0.07239006631107259	336.0
3.759	0.24638520850930945	360.0
4.8031	0.13907012611707614	192.0
3.1828	0.08532907851304117	312.0
3.1922	0.02254022759385066	312.0
4.0719	0.4584401473894104	504.0
4.5033	0.31677582138217986	104.0
2.2204	0.02779359862961428	144.0
3.6579	0.11122571153384797	240.0
4.6217	2.1133383437409066	240.0
4.4967	0.13159678383090068	288.0
0.3162	0.006705604784656316	24.0
3.2171	0.04085692375181793	240.0
4.3336	0.12326797554169389	288.0
2.2293	0.031022209920593014	288.0
3.4699	0.06868192096226267	96.0
3.9699	1.8125294166984531	120.0
4.8539	0.20640272997161446	192.0
1.7916	1.835356304911329	240.0
4.985	0.18504724720332888	288.0
4.86	0.11450293470943507	312.0
4.735	0.11355525615863371	192.0
4.5475	0.3036269828530749	144.0
4.36	0.10656178892455159	504.0
3.3675	0.3297776272172541	432.0
3.9925	0.11834540973006824	408.0
4.1725	2.3698919706093875	312.0
4.64	0.30010268513160554	384.0
2.6325	0.04496243882977069	288.0
2.0075	6.34163997460746E-4	48.0
1.4213	0.011178557869243377	72.0
3.6551	1.6607017772257677	144.0
3.9051	0.30574340777320685	360.0
4.015	0.052261993256252026	48.0
4.14	0.15385480316126632	240.0
4.265	0.056606147168622556	240.0
4.3209	0.014140354352548457	120.0
2.8792	0.2634206388243001	264.0
1.7521	0.004203819375106832	72.0
3.2542	0.02269669270617669	144.0
4.5541	0.15353497247315318	240.0
2.6833	0.2195371825764596	72.0
4.8877	0.9681137487386877	408.0
2.7749	0.053675019082675135	384.0
1.6062	0.005576214475240704	96.0
3.0249	0.00698947545424744	192.0
3.7749	0.12466494736918321	336.0
4.9619	0.19887660042331845	384.0
4.5869	0.42401452702142706	144.0
2.7622	0.003928131407519686	96.0
3.9497	1.0413651365961414	192.0
4.2119	0.0771448759278428	240.0
4.999	0.08650781643336813	432.0
2.7495	0.4332923625406693	192.0
2.687	0.04496591728275234	228.0
3.937	0.5053355456511781	672.0
4.8135	0.13313882087095408	288.0
4.4385	0.6160371443502299	624.0
0.922	0.03974374250174151	48.0
3.438	0.06977443316793597	240.0
4.8857	0.07944168246376648	288.0
4.6357	0.10301301671097463	336.0
4.3232	1.1735744127809085	480.0
4.3486	0.036597574575353065	240.0
2.8618	0.024624071489597554	240.0
2.7368	0.03359658448539449	384.0
3.9243	0.2105288958955498	96.0
4.0361	0.6958319349751036	600.0
4.9639	0.6492967158555984	96.0
2.6382	0.5163375927950256	144.0
1.3191	0.007110488660146075	144.0
3.0757	0.06993434782270924	192.0
3.3257	0.15048949838774206	576.0
3.3511	0.00958891763639258	120.0
2.9614	0.0517996183843934	120.0
2.5239	0.03547483824888786	168.0
2.5259	0.016690870831098437	240.0
2.5884	0.009417909930107271	144.0
2.064	0.02640686791482949	288.0
3.189	0.08692998823016751	288.0
4.128	1.8039194556472467	288.0
4.7276	0.035372271895653284	288.0
3.2388	0.1358587352824543	528.0
3.8013	0.1868423031569364	456.0
2.8862	0.07435280472577688	336.0
4.0224	0.08406219588869135	144.0
4.8466	1.8073946453911276	648.0
4.4091	4.489227002775806	312.0
4.9659	1.3828957730947877	720.0
4.7159	0.45678906032117084	72.0
4.4034	0.02598106698724223	192.0
4.997	0.3202364763224068	336.0
3.061	0.05897682628994971	240.0
2.936	0.008355760199265205	96.0
3.6235	0.2677007374445566	288.0
4.6454	0.09050050055338943	240.0
2.1977	0.0035818793044199992	96.0
4.0829	0.07043173152578674	312.0
2.6646	0.05574733404966992	384.0
2.0396	0.07446813814749476	72.0
1.0198	0.1778695031753159	72.0
0.5099	0.010863194896955974	72.0
3.4771	0.0770746809649836	480.0
4.0792	1.2361173808312742	72.0
4.7413	0.6692481070385838	96.0
4.6163	0.07127374972242251	312.0
2.5981	0.09273286661391467	224.0
1.3928	0.008824909572922479	240.0
3.3481	0.2614821152856166	528.0
4.4833	0.22434244259056868	384.0
3.0854	0.1275884282640618	96.0
1.5427	0.004526193010889301	96.0
1.4177	0.12626147302080426	144.0
1.8547	0.4729167783498269	120.0
3.2094	0.032554335369241016	144.0
3.6469	0.09410717661739909	288.0
3.7094	0.505653168876961	120.0
2.8531	0.01050717125144729	144.0
2.1656	0.014061438191220077	192.0
4.1437	0.1829204077457689	192.0
3.4467	0.32205521377045443	192.0
4.2059	1.0477367613466413	768.0
4.5695	0.6432062668409344	120.0
2.816	0.04534496345968364	96.0
1.7205	0.14727519505140663	120.0
1.533	0.004513226955168648	48.0
4.993	0.36532334261710275	360.0
2.184	0.044587942338012	216.0
3.2465	0.033741283828931046	192.0
4.3566	0.25654227719314804	336.0
3.6783	0.04398630030436834	192.0
4.9325	0.156324953022704	240.0
3.9975	0.13425387026609314	384.0
4.245	0.2509288405267398	384.0
4.755	1.508446774258573	864.0
4.6925	0.2025000447374623	240.0
2.0025	0.07222967492236876	240.0
4.005	0.2613282805524477	240.0
4.9071	1.7190450410162157	288.0
4.8446	0.05716965700594301	120.0
4.5321	0.2855487673677999	864.0
2.9223	0.07236607518794358	528.0
4.9679	0.6193507054540532	144.0
3.5777	0.20025683735730127	24.0
3.7027	0.07237211160349943	288.0
4.8683	0.25572088402168447	288.0
4.4933	0.06442574211359897	384.0
4.3058	1.4141134692595188	720.0
3.4029	0.07230220672374799	288.0
4.1183	0.9397793557727709	72.0
2.7221	0.021760964010354655	288.0
3.8471	1.034253671849001	144.0
4.9031	0.7825678501344555	240.0
4.7781	0.038245824734985945	144.0
3.4828	0.07810143126255298	120.0
4.9719	1.3330022850077512	144.0
4.6594	0.05809229158296603	336.0
2.9547	0.06786406680294021	240.0
2.2672	0.027907990264793625	192.0
3.2047	0.011411016321744683	96.0
4.134	0.17513757325787083	504.0
1.9416	0.05506022652843967	192.0
1.8166	0.008604383436249918	96.0
1.1916	0.0016889048024495423	48.0
3.5707	0.0569582883563271	240.0
3.6332	0.33386146363045555	96.0
2.3043	0.02406847102770371	216.0
2.0543	0.006735584911893966	120.0
3.4293	0.7551805004004564	168.0
4.9285	0.7682329919416588	672.0
4.991	0.05290522101131501	288.0
2.8705	0.5369281376183608	240.0
4.1785	1.7777530312437193	720.0
2.9086	0.07380468336486956	480.0
3.9711	0.07966585524377479	336.0
4.9699	0.2081157447591977	384.0
4.8332	1.9375656407719362	192.0
4.7707	0.7649192005756049	384.0
4.4699	1.0193638496976973	576.0
2.7037	0.024860379392748655	288.0
2.4166	0.11411945416148228	192.0
1.2083	0.007539186433859868	192.0
3.3912	0.10782698403590985	240.0
3.3541	0.37932350968185347	432.0
3.3287	0.08394622423838882	72.0
3.9166	0.05152337466915924	240.0
4.0324	0.10198645731179568	240.0
4.9051	0.2621480399175198	720.0
2.2338	0.005866189204425609	72.0
3.0463	0.03588821063749492	24.0
3.8588	0.4733617102883727	240.0
4.6043	3.6828584282229713	336.0
4.3543	3.466008345485534	240.0
1.7292	0.009327322893909695	192.0
3.7709	0.2122029897500397	288.0
4.8703	0.6167240945160302	288.0
4.4328	0.1965686998082674	480.0
3.7789	0.11061424320541846	96.0
