numTimes: 1

4.8125	6.7638884675E8	192.0
4.7875	5.894450999550781E8	192.0
4.8	8.89394187890625E7	30.0
4.5	1.7077459226777344E9	510.0
4.6	5.9702679259375E8	150.0
4.4125	7.443486093710938E8	192.0
2.9	8.2164521134375E8	174.0
2.8	3.4526983690234375E8	54.0
2.5	6.07653985953125E8	150.0
2.4	1.411536776875E8	30.0
2.3	4.825818188046875E8	150.0
2.0	3.94418075748125E10	30.0
1.9	3.8510048550390625E8	126.0
1.7	2.4766961678125E8	102.0
1.5	1.5921370475976562E8	150.0
1.4	4.19165611652832E7	54.0
1.2	1.463883909375E7	30.0
1.0	1.3343036277045898E9	30.0
0.7	1283038.663696289	54.0
0.5	65328.35837173462	30.0
0.6	345919.35919189453	30.0
0.3	7948.655960083008	30.0
3.0	1.1301386996300781E10	150.0
3.1875	6.873812308359375E8	192.0
3.3	1.4607868584355469E9	390.0
3.2125	4.2012006696875E8	96.0
3.4	2.8898405639453125E8	102.0
3.5	9.33394735482544E8	270.0
3.6125	1.2804278437070312E9	480.0
3.8	3.464410559140625E8	126.0
3.9	1.2759440177285156E9	390.0
3.9875	1.1604150729414062E9	384.0
4.1	7.50118062140625E8	246.0
4.0	8.6692113309375E10	30.0
4.3	9.729345821640625E8	270.0
4.7	1.09743529525E9	294.0
4.3875	2.3597941207714844E9	672.0
2.7875	8.0018694675E8	192.0
2.6	3.8266002680566406E8	78.0
2.4125	9.2431156809375E8	192.0
2.1	9.62068919421875E8	270.0
1.9875	6.054707671074219E8	192.0
1.8	1.933742139140625E8	102.0
1.6125	1.4325217046875E8	96.0
1.3	4.335952943286133E7	78.0
0.9	1.04981893125E7	102.0
3.1	7.65775162796875E8	198.0
3.6	3.142673556953125E8	102.0
4.0125	1.1253630436435547E9	384.0
4.2	9.83814931265625E8	270.0
4.9	1.18798714559375E9	390.0
4.4	2.5945227E8	78.0
2.7	1.6960273545632324E9	318.0
2.3875	8.484788557695312E8	192.0
2.2	3.89922493203125E8	78.0
2.0125	6.564739666484375E8	216.0
1.6	2.18326673125E7	6.0
1.1	2.5841521528808594E7	78.0
0.8	487132.4677734375	6.0
0.4	9193.475761413574	6.0
0.2	156.83055794239044	6.0
0.1	1.417034164071083	6.0
3.2	1.0574285375E7	6.0
3.7	6.174330893945312E8	222.0
3.4117	3.6414404571875E8	96.0
3.7242	2.5390569998046875E8	96.0
4.6141	2.457862839069336E9	672.0
4.2391	7.8603983240625E8	288.0
4.4766	6.277876207207031E8	192.0
2.9883	1.5456169492851562E9	336.0
2.6758	5.621443660625E8	120.0
2.2383	7.4510087815625E8	192.0
1.4629	6.807085453125E7	72.0
1.3379	9.3324950515625E7	120.0
4.1641	1.2910459758676758E9	456.0
4.4609	9.89902926375E8	288.0
4.3359	7.8808548571875E8	240.0
3.3867	4.838005287734375E8	144.0
3.3242	7.248257331230469E8	192.0
4.2907	1.7636102670117188E9	480.0
4.8343	1.2351375405341797E9	384.0
4.7718	8.055007704609375E8	240.0
3.6359	1.5762754450395508E9	504.0
3.8859	4.8101442733203125E8	192.0
4.7032	4.275126067421875E8	96.0
4.5782	5.037591675078125E8	120.0
2.9766	9.7425337340625E8	216.0
2.3516	3.876674678515625E8	96.0
2.2891	5.2805749941015625E8	120.0
3.1016	1.40529223365625E9	336.0
1.9621	2.84001583328125E8	96.0
3.6742	1.3442037899387207E9	480.0
4.4452	1.2338356193979492E9	336.0
2.2226	1.3517420144863281E9	336.0
2.0976	4.572031349589844E8	144.0
1.0488	3.2745991806640625E7	144.0
4.1952	4.868143831464844E8	144.0
4.5266	1.4862286212368164E9	432.0
4.5891	2.431059493647461E9	648.0
3.0133	5.368254445625E8	120.0
2.0149	7.523576577451172E8	192.0
4.7202	7.845610013625488E8	216.0
2.8601	1.495840715546875E9	336.0
2.3601	9.1282794140625E8	216.0
2.1726	2.716280758203125E8	72.0
1.0863	1.6903499817382812E7	72.0
3.3601	6.822607979609375E8	192.0
3.8601	1.3346602671132812E9	432.0
4.2202	2.475224054554199E9	816.0
2.8758	6.4040991203125E8	168.0
4.8939	6.301976652226562E8	192.0
3.1032	9.130190587265625E8	216.0
4.4811	5.01498388125E8	168.0
4.1061	1.472562288640625E9	528.0
4.9689	2.159600919171875E9	624.0
3.5157	4.92913662671875E8	144.0
4.0939	5.730521002285156E8	216.0
4.2814	8.774100283828125E8	288.0
4.8436	1.0674693093007812E9	288.0
3.1718	1.0649152165703125E9	240.0
3.4843	1.687627056125E9	480.0
3.5468	3.920618883125E8	144.0
4.0311	1.6256642076030273E9	576.0
3.6524	1.1529631461289062E9	384.0
4.8218	1.1671621549140625E9	336.0
4.6968	1.4441681997832031E9	384.0
4.3093	7.262130938945312E8	240.0
3.3734	5.47375097703125E8	144.0
3.5609	3.67617838359375E8	120.0
3.8484	1.6282152201601562E9	624.0
3.7577	4.422171549921875E8	192.0
1.5133	1.424110140559082E8	120.0
3.4641	7.854760198575E10	56.0
4.9346	1.838776008125E9	528.0
2.5923	2.26227218703125E8	48.0
2.5298	9.143500402148438E7	24.0
1.2649	7546542.330078125	24.0
4.7529	2.1194152258769531E9	504.0
4.6904	2.4723057562546875E11	168.0
3.0952	7.74149944734375E8	192.0
2.3452	6.924033844296875E8	168.0
1.8601	3.7001359115625E8	120.0
1.3601	1.7958026421740723E8	192.0
3.2202	9.044445881015625E8	240.0
3.5327	1.2839393375E8	48.0
3.7202	3.298757116171875E8	120.0
4.6282	1.7665295027617188E9	480.0
4.4407	5.1271283977734375E8	144.0
4.0657	5.723304220273438E8	192.0
4.2532	1.8134996016464844E9	576.0
4.9234	4.8774735571875E8	144.0
4.6109	2.555050644814453E9	720.0
2.4617	6.873315000664062E8	144.0
2.3367	1.298789214444336E9	288.0
1.6371	5.6312028E7	24.0
3.5242	1.1341795259140625E9	384.0
2.1633	3.83111275078125E8	120.0
3.6633	7.336565888095703E8	240.0
1.6613	1.764870705E8	96.0
3.3226	3.4770374139453125E8	96.0
4.9173	1.1041186253476562E9	288.0
4.0423	2.2443418777978516E9	768.0
2.504	4.6755543546875E8	96.0
3.5665	4.934749176230469E8	144.0
3.629	6.1033501184375E8	240.0
4.9295	2.0757226889106445E9	624.0
4.9112	4.61733099875E8	120.0
3.0806	5.569211421171875E8	144.0
2.8931	7.907626273242188E8	192.0
2.4556	5.23208580140625E8	120.0
4.2237	1.235147109703125E9	384.0
4.7138	2.092564422118164E9	624.0
2.4819	4.68592802140625E8	96.0
3.6069	1.7894367718632812E9	600.0
2.6439	1.1070106095078125E9	240.0
4.6497	2.2803718323710938E9	672.0
1.5843	2.0821543618164062E8	168.0
3.1686	5.973246114960938E8	168.0
3.2311	7.643129694140625E8	216.0
4.1497	7.463477326972656E8	288.0
4.7497	2.5701291801171875E8	96.0
4.6872	1.270266269756836E9	336.0
1.6093	2.1363555745507812E8	96.0
4.2497	1.6442973587363281E9	480.0
4.3128	5.697795679355469E8	192.0
2.1564	7.52375160296875E8	192.0
3.9064	1.7922712417910156E9	576.0
4.7106	2.2185558742578125E9	576.0
2.7928	3.96275956453125E8	96.0
1.3964	8.928045972265625E7	96.0
4.9769	1.5912606422279053E9	456.0
3.0822	2.115616929253418E9	504.0
4.4362	1.569048668125E8	48.0
2.6173	6.722303586875E8	144.0
2.3431	1.621156298885254E9	360.0
2.2181	1.683378105E8	48.0
2.9069	1.6819554787890625E9	360.0
1.7972	2.8906617290234375E8	96.0
3.5944	3.09431753828125E8	96.0
4.5144	8.291246441953125E8	216.0
3.8197	8.688569535625E8	264.0
1.9339	1.02493783965625E9	336.0
1.7464	4.3732360933203125E8	192.0
3.4928	4.869877387734375E8	192.0
3.8678	1.0839112513486328E9	336.0
3.8053	4.732782686074219E8	216.0
4.2356	1.2172457644003906E9	384.0
4.3955	2.9103649303125E8	96.0
3.9912	5.21712063125E8	192.0
4.8301	1.5134489094375E9	408.0
4.7676	1.9522910959375E9	576.0
4.3301	1.1598805075E9	296.0
3.2588	1.2158133993789062E9	360.0
3.3838	8.549114194863281E8	288.0
2.2694	6.211748315292969E8	144.0
0.4243	56795.94012260437	36.0
3.4569	6.424232953359375E8	192.0
3.5819	8.094406823613281E8	264.0
4.6487	1.5982377426591797E9	432.0
1.8028	4.4544051776660156E8	168.0
3.3556	9.104259995390625E8	264.0
3.6056	4.2465560890195312E9	168.0
4.0237	1.3251701165019531E9	360.0
4.8311	1.8550882576201172E9	528.0
4.7686	2.6328822107441406E9	672.0
1.7234	3.660954148671875E8	192.0
4.1689	5.917655095749512E8	192.0
2.6721	1.3713570536953125E9	288.0
2.6096	1.110254014234375E9	240.0
4.4317	7.444001749970703E8	216.0
4.3692	1.25967440359375E9	336.0
3.3779	8.981606410625E8	288.0
3.5029	2.9588707332421875E8	96.0
4.6314	1.25809600353125E9	384.0
2.7532	1.1829610974960938E9	264.0
2.6907	5.3256138575E8	120.0
1.9391	2.1550942728125E8	96.0
2.9343	1.2376824721132812E9	288.0
3.1843	1.3773229729160156E9	360.0
2.6851	8.384216889921875E8	192.0
3.6851	8.584577997275391E8	288.0
4.5673	1.0884058515546875E9	288.0
1.8762	6.67512013125E7	24.0
0.9381	4155651.7109375	24.0
4.983	1.8823247313652344E9	480.0
4.858	9.84864543703125E8	240.0
2.429	1.0620408312089844E9	240.0
4.392	1.2726738683789062E9	336.0
2.571	9.823635887929688E8	216.0
1.9105	7.30284436421875E8	240.0
3.821	7.087687383828125E8	240.0
2.6287	6.155439178164062E8	120.0
3.7537	1.4491023899375E9	432.0
2.1213	9.34752893640625E8	252.0
4.2426	5.511875171657969E11	252.0
4.7843	1.27738340075E9	384.0
4.5343	6.636673769765625E8	192.0
1.7117	4.9715344678125E8	216.0
1.6492	8.124077021875E7	48.0
0.8246	3213689.677734375	48.0
0.4123	72375.39269256592	48.0
3.4234	6.190932944296875E8	216.0
4.1593	1.3310879743203125E9	432.0
3.2016	1.8245091741054688E9	480.0
4.7096	1.1509224833027344E9	312.0
2.1048	5.43528480359375E8	120.0
1.5524	1.8334809476757812E8	144.0
3.1048	5.2884170256640625E8	144.0
2.508	2.126586000209961E9	432.0
4.984	1.326248931609375E9	384.0
4.859	1.5672721796660156E9	432.0
4.4215	1.1163997009731445E9	288.0
2.492	1.8251463129458008E9	384.0
3.0545	5.97652281171875E8	192.0
3.3045	3.5183895475E8	96.0
4.2965	1.2270636403632812E9	336.0
3.9737	6.054366746992188E8	216.0
4.6776	2.2483396009375E8	72.0
2.3388	2.4595652453125E8	72.0
1.7944	2.0823019709179688E8	96.0
3.9013	8.0584511809375E8	240.0
4.6583	6.396077194238281E8	192.0
3.6729	2.046745080484375E9	672.0
4.3417	5.669577787304688E8	192.0
2.8896	7.0831009728125E8	144.0
2.3896	5.65571920328125E8	120.0
1.2689	1.1956699841503906E8	192.0
3.9128	7.686864091308594E8	264.0
4.9244	1.0540167280605469E9	336.0
4.6744	9.782915181132812E8	288.0
3.6497	3.358692764453125E8	120.0
4.901	1.581994288703125E9	480.0
4.776	7.915401749667969E8	240.0
1.8815	5.122508299765625E8	192.0
3.763	5.0709962613720703E8	192.0
4.6615	6.879758058081055E8	240.0
4.5365	1.4162220555976562E9	384.0
2.5495	1.6805800570619202E9	360.0
4.8744	1.1913188315195312E9	384.0
2.4372	1.6736164557363281E9	384.0
3.7497	1.6880910724609375E9	528.0
4.1869	5.919212013652344E8	240.0
1.8439	7.370299257324219E7	48.0
3.6878	2.1472022120410156E8	48.0
4.1881	1.4534456372419434E9	456.0
4.6712	9.176392395976562E8	264.0
4.6087	8.077080227324219E8	216.0
2.7731	1.1508338939145508E9	240.0
4.9538	1.1250679735546875E9	384.0
2.6019	1.905634866690918E9	360.0
3.2894	7.465573836015625E8	264.0
3.7269	1.0806422615117188E9	336.0
4.1413	1.2798743609511719E9	384.0
4.8208	1.255336472453125E9	336.0
2.4104	1.3675478818828125E9	336.0
3.7229	1.4505165693027344E9	480.0
4.8042	3.380902095390625E8	96.0
2.4021	4.11269695109375E8	96.0
2.5652	4.305134999453125E8	96.0
2.3152	6.583979227558594E8	168.0
1.1576	8.139822985351562E7	168.0
3.2527	1.098285763828125E9	300.0
3.6277	8.6504641840625E8	288.0
4.1304	2.2623363417216797E9	696.0
4.1929	9.207752509440918E8	240.0
2.8723	1.441766706390625E9	336.0
4.0571	1.6902829196191406E9	528.0
4.1821	1.60198391615625E9	480.0
4.6022	6.82895771015625E8	240.0
4.4147	2.80440882842157E9	840.0
2.8636	3.793944256875E8	96.0
2.7386	1.16506370228125E9	288.0
1.4318	9.74683649375E7	96.0
3.4886	1.197544469442688E9	384.0
3.5511	7.287379250859375E8	240.0
4.8353	1.0092737129843445E9	288.0
4.7728	1.0913372521953125E9	288.0
3.5114	7.962732962089844E8	288.0
4.0853	8.855868793554688E8	312.0
4.5651	1.3070788598945312E9	384.0
4.3151	1.6357078522226562E9	504.0
3.6263	3.9567928041308594E8	144.0
4.8724	1.0612902257148438E9	264.0
2.5612	4.57476753078125E8	96.0
2.1237	4.138452921328125E8	144.0
1.2806	6.088330574511719E7	96.0
0.6403	1590784.4614257812	96.0
4.2474	4.08224381875E8	144.0
4.7539	5.132612141640625E8	144.0
3.0332	1.1941023292890625E9	240.0
1.5166	2.720099930722656E8	240.0
4.5288	1.3418423415859375E9	432.0
2.7019	6.224672315546875E8	144.0
4.9336	1.2157899768587646E9	384.0
1.9209	8.039593493691406E8	288.0
4.7212	2.0587046946582031E9	576.0
4.2837	8.936647056845703E8	240.0
2.7295	8.588392609257812E8	192.0
3.167	3.433339916875E8	96.0
2.958	1.6019407252265625E9	288.0
3.6455	1.3420872302753906E9	432.0
4.041	5.44977420640625E8	192.0
4.4023	1.2722489414140625E9	384.0
1.9287	1.3710553853125E8	48.0
4.4272	5.2468329946875E8	168.0
2.2136	7.727376176875E8	168.0
3.9636	1.2594303190195312E9	408.0
4.0522	4.0805800225E8	168.0
4.7603	1.4738265700546875E9	432.0
2.4739	7.149649995625E8	144.0
1.6432	3.680458129921875E8	192.0
3.0364	8.52253991625E8	216.0
4.9102	1.9987628102695312E9	552.0
4.8477	1.7342751176210938E9	480.0
4.4102	6.303133144882812E8	192.0
3.8301	4.3320981374609375E8	120.0
2.9138	1.4796940361796875E9	336.0
2.8513	7.012600390859375E8	144.0
3.3362	6.573142698144531E8	192.0
3.4612	4.164246426171875E8	144.0
4.9356	5.36935339234375E8	192.0
2.7803	1.4371003153554688E9	312.0
2.4678	8.373273946796875E8	192.0
2.0928	3.48439901E8	96.0
4.1231	3.7590411493242188E9	336.0
2.0322	7.7232480421875E8	240.0
4.899	2.2836002692225E11	120.0
2.4495	1.1133957474355273E11	120.0
1.631	4.5598664046875E8	240.0
4.7885	5.389166332714844E8	168.0
2.488	6.7992273478125E8	120.0
3.363	5.868429759401855E8	192.0
4.9122	1.060121742859375E9	288.0
4.8497	1.4311188190625E8	56.0
4.3497	4.4633640116796875E8	144.0
1.9468	1.5453675438671875E8	72.0
3.8936	2.3033188115625E8	72.0
4.2872	1.1584174526699219E9	336.0
2.9189	3.571405140234375E8	96.0
0.7141	1505326.4693756104	48.0
3.1064	1.9326030068554688E9	528.0
3.2939	1.3148680362109375E9	384.0
4.6368	2.0315319968671875E9	600.0
4.3243	6.969994217509766E8	192.0
2.4434	5.914421788984375E8	144.0
3.8184	9.596035685010605E8	324.0
2.7441	6.45210561E8	144.0
1.1533	1.5016765119140625E7	48.0
3.8691	6.532867141015625E8	240.0
3.8066	1.6663385542426758E9	576.0
2.5942	6.75340211234375E8	144.0
4.9366	7.147988943457031E8	216.0
4.3116	1.2258117295092773E9	360.0
1.7029	4.4460144812109375E8	240.0
4.3612	1.5744702014824219E9	432.0
3.9306	7.63048644609375E8	288.0
4.1737	1.6410676163168945E9	528.0
4.8888	2.0011263978066406E9	576.0
2.6944	1.2975046724609375E9	264.0
4.1388	1.514197445850586E9	432.0
4.2638	1.137535721640625E9	360.0
2.6192	1.9985551470625E9	384.0
3.5567	1.5099974132109375E9	480.0
4.0509	1.5534400094384766E9	528.0
1.6279	1.9812318753125E8	96.0
3.2558	2.851175516875E8	96.0
3.9433	2.6245105829492188E8	96.0
4.9132	2.7098668761933594E9	864.0
3.3941	1.5763154275E8	36.0
1.3342	5.3399948146484375E7	96.0
0.2449	1336.8905687332153	24.0
4.2743	9.8747369265625E8	288.0
4.5497	2.605999693740631E9	720.0
3.0561	1.232833969078125E9	312.0
0.3742	34803.015310287476	48.0
3.3061	3.539887195859375E8	120.0
4.0497	7.134077417539062E8	192.0
4.1122	1.3903263038476562E9	432.0
2.3173	7.225568808193359E8	144.0
2.358	3.2729873098828125E8	72.0
1.179	3.647348669921875E7	72.0
3.2955	1.0362907674475708E9	336.0
3.4205	6.775958406640625E8	240.0
3.9205	4.9063629603125E8	192.0
2.642	1.473671815421875E9	312.0
2.2045	1.5452747426835938E9	312.0
3.767	8.502729451835938E8	288.0
4.5519	5.982621304101562E8	192.0
1.4036	1.0023181580664062E8	120.0
3.4322	6.230447283847656E8	192.0
2.9428	2.3643611732021484E9	528.0
2.8178	2.36391828884375E9	504.0
4.0731	5.439575321005859E8	192.0
1.6912	3.5328057884375E8	144.0
4.4227	7.930527991171875E8	240.0
1.5588	1.816101458046875E8	104.0
3.8575	1.204161684375E8	48.0
3.9825	1.6924262470371094E9	528.0
4.6936	4.826723137949219E8	120.0
4.3186	1.9803599134296875E9	576.0
2.4718	1.0549121494960938E9	240.0
0.8367	2845546.0982666016	48.0
3.2218	4.3345447054296875E8	144.0
3.0282	1.0131730788671875E9	240.0
1.3266	1.043304371875E7	24.0
0.6633	413269.7502441406	24.0
4.9558	1.3919988991523438E9	408.0
4.6433	7.815306986640625E8	216.0
2.4779	1.7843282342675781E9	408.0
3.1654	6.7708929853125E8	192.0
3.9154	9.067162594804688E8	288.0
4.9568	1.1918081713400269E9	384.0
4.3943	1.7085355711784668E9	504.0
3.2909	5.940335247285156E8	152.0
2.2091	3.8819389371875E8	120.0
2.2716	5.1840532078125E8	144.0
1.1358	5.1528541447265625E7	144.0
3.0216	5.557026015048828E8	144.0
3.8341	1.3356528363789062E9	432.0
4.5442	1.0602829630976562E9	288.0
2.1471	1.4067223473203125E9	360.0
1.6673	2.956434842597656E8	168.0
0.9274	1.5993460981933594E7	120.0
0.9899	1.9438289587890625E7	108.0
3.3971	2.0491254892089844E9	672.0
4.2942	1.06485089225E9	360.0
2.0785	1.058361455E8	32.0
3.891	1.8463212098945312E9	600.0
3.9535	4.04595545125E8	144.0
3.0348	1.01877978584375E9	240.0
3.6715	3.0519578453125E8	96.0
4.5574	6.771339388789062E8	192.0
3.2787	4.904168968535156E8	168.0
3.7162	9.05883371453125E8	312.0
2.5338	9.34248655953125E8	192.0
3.4713	1.6226509276401367E9	480.0
3.4088	3.9654755375E8	144.0
1.5362	7.79583855234375E7	72.0
0.7681	4362263.985473633	72.0
4.7927	1.6251459014335938E9	480.0
3.8026	1.122517964159668E9	384.0
4.1677	6.587038116640625E8	240.0
4.717	2.591991219716797E9	720.0
4.4045	9.316705454033203E8	240.0
4.1545	1.023677201546875E9	288.0
1.5395	1.8166724294140625E8	144.0
3.079	5.757074420390625E8	144.0
3.2665	1.1305863209882812E9	288.0
3.454	1.2764795824433594E9	432.0
2.1024	3.1907280440625E8	96.0
3.9774	5.7932531434375E8	192.0
4.2048	3.529327998984375E8	96.0
4.2673	1.5434394721210938E9	432.0
2.6476	1.8011876020390625E9	408.0
2.3707	3.6437396507421875E8	96.0
1.3416	4.509627565625E7	72.0
1.2166	7969665.375	24.0
0.6083	519982.1838378906	24.0
0.6708	1685927.8152160645	72.0
3.4957	4.4484687416015625E8	144.0
3.7457	1.0558711096120605E9	336.0
3.9332	9.105050500742188E8	288.0
4.8836	1.5515382799140625E9	480.0
4.6336	1.2657784903945312E9	336.0
3.3793	6.6135573946875E8	216.0
3.5043	2.033213775625E8	72.0
2.4042	8.67008745265625E8	204.0
3.5917	5.787642539995117E8	192.0
4.8166	2.41964986328125E8	96.0
2.4083	3.2609743715625E8	96.0
3.2833	8.056335426171875E8	216.0
3.5958	7.730204788330078E8	288.0
4.7917	6.279345354543457E8	192.0
1.6823	1.359477926953125E8	72.0
4.2708	3.262559510703125E8	96.0
2.9479	1.7765704296108398E9	384.0
2.7604	5.5463538040625E8	144.0
2.5729	1.2683900107617188E9	264.0
2.3854	1.6524354114863281E9	384.0
2.1354	3.7015639496875E8	96.0
1.0677	2.6486637544433594E7	96.0
4.2083	7.0784087775E8	192.0
4.7371	6.910997925078125E8	192.0
2.8373	1.06260865465625E9	192.0
2.0248	6.9566854621875E8	192.0
3.9623	7.537965839628906E8	240.0
2.6627	6.010828130214844E8	120.0
2.5377	8.854094815859375E8	192.0
4.1629	1.2612651744375E9	408.0
3.6373	6.804173476992188E8	224.0
4.4113	2.9687387801225586E9	816.0
2.1119	1.6748794325234375E9	384.0
2.0494	2.649789944375E8	96.0
1.0247	1.9689356163330078E7	96.0
4.0988	3.37240197234375E8	96.0
4.5222	1.8292912113046875E9	576.0
2.0736	4.60231982E8	144.0
1.8493	6.582074814609375E8	216.0
3.6986	5.457650775761719E8	216.0
3.8236	5.524049380390625E8	192.0
4.0262	5.836445858203125E8	216.0
4.8528	1.0821393884628906E9	288.0
3.4264	1.06076787365625E9	360.0
3.6139	6.325184883400574E8	216.0
3.8639	8.461741815078125E8	264.0
2.276	7.978876481640625E8	192.0
3.651	7.452248577714844E8	240.0
3.7135	1.1347144095703125E9	384.0
2.724	4.62319028453125E8	96.0
3.9115	1.261050439484375E9	432.0
4.3738	1.3095363559499512E9	432.0
2.2494	1.6041436106289062E9	336.0
3.8756	8.634201596591797E8	288.0
3.8131	2.1569898532783203E9	720.0
4.0012	1.9211508628164062E9	672.0
1.9235	4.149012289277344E8	144.0
2.0905	8.566026985556641E8	240.0
3.4655	6.763799311542969E8	192.0
4.5299	7.395206075800781E8	192.0
4.5924	1.7559608770253906E9	480.0
3.9837	6.99943444609375E8	200.0
4.0299	5.1888048078125E8	192.0
4.3451	1.9367922228515625E8	72.0
2.5788	1.195904398578125E9	288.0
3.8288	2.157930143784668E9	696.0
4.0951	5.25737986046875E8	192.0
4.7666	2.0448841340625E8	48.0
4.5166	6.182172510913086E8	192.0
2.3833	2.514945526171875E8	48.0
2.2583	7.446247688867188E8	192.0
3.0083	1.3784190720117188E9	288.0
3.8833	4.65801591203125E8	192.0
2.9292	8.19416506015625E8	192.0
1.7146	2.9919829875E8	168.0
3.7417	6.7737606586575E11	240.0
4.9193	1.1547125685625E9	312.0
4.4193	1.6336320330048828E9	480.0
2.5534	1.03982123875E8	24.0
1.2767	1.56583273125E7	24.0
4.3932	7.849392716386719E8	240.0
2.3216	1.0592872943320312E9	216.0
3.5454	7.95749627859375E8	240.0
4.1533	1.6244674171523438E9	480.0
4.9092	7.115765622441406E8	192.0
4.5967	5.88010612203125E8	192.0
3.5171	4.198695254941406E8	168.0
2.5768	5.44883997140625E8	120.0
1.2884	8.829206040039062E7	120.0
3.5143	8.495768953285675E8	288.0
3.7643	5.3667499934228516E8	192.0
3.5482	9.633272138261795E8	360.0
4.2214	1.243273740227539E9	408.0
1.51	6.23446815546875E7	48.0
1.01	9009043.008789062	48.0
0.755	1475463.053100586	48.0
1.99	1.8014850325E8	72.0
1.49	1.406420670810547E8	144.0
0.995	1.6500903966796875E7	72.0
1.5652	2.822100883671875E8	168.0
3.5679	7.045311688359375E8	240.0
3.6304	4.03533762453125E8	120.0
4.8642	2.2339696246347656E9	624.0
4.7392	3.315368618857422E9	936.0
2.8071	5.808262082695312E8	120.0
2.5397	1.0055542948125E9	192.0
1.9261	6.6398027396875E8	192.0
3.4147	1.2951456900488281E9	432.0
3.5228	1.1718836569824219E9	384.0
4.9427	4.6583058503125E8	144.0
4.8177	2.504431315053711E9	720.0
1.8138	6.91192023015625E8	288.0
3.3151	4.87105590890625E8	144.0
2.0664	1.9001272221875E8	48.0
1.2207	9.099065747949219E7	168.0
3.1289	8.247401099863281E8	192.0
4.1328	1.6154159623046875E8	48.0
4.8672	3.146503782925049E9	864.0
4.6797	8.602814047519531E8	288.0
4.4922	1.34107475796875E9	336.0
4.1797	3.7892726343725586E8	120.0
1.9519	6.962123085078125E8	240.0
1.8894	3.2942831628125E8	96.0
3.9038	7.850669074421387E8	240.0
4.3174	3.622413513046875E8	96.0
2.5962	1.3773876761157227E9	288.0
2.1587	4.04323280359375E8	96.0
1.833	1.1102149287109375E8	48.0
0.9165	6677796.3544921875	48.0
3.4785	7.885508288828125E8	264.0
4.668	5.77592343375E8	168.0
4.3555	7.7236313115625E8	192.0
1.1045	3.4741075513183594E7	120.0
4.293	5.29493948328125E8	144.0
4.3818	1.2046090784765625E8	48.0
3.0659	1.5996473044140625E8	48.0
2.1284	6.555819068085938E8	144.0
2.1909	1.8093693525E8	48.0
3.4409	2.4862813105859375E8	120.0
4.2568	5.7461287240625E8	144.0
2.0591	2.24229492078125E8	72.0
4.7812	2.0333300676015625E9	576.0
4.6562	9.252706239130859E8	288.0
2.3281	1.2211229424423828E9	288.0
1.7578	3.08764726484375E8	144.0
3.2031	1.6935963256914062E9	384.0
3.7656	1.1847460693203125E9	408.0
4.4688	1.7522559709472656E9	504.0
2.0469	8.39286354390625E8	216.0
2.9155	9.720370959765625E8	240.0
3.228	5.623382022421875E8	144.0
4.2685	6.27636935921875E8	192.0
4.6065	6.73376701234375E8	216.0
4.669	1.4200398594511719E9	384.0
2.3345	1.6574257766367188E9	384.0
4.6669	1.615060812024414E9	396.0
2.3022	1.227956729359375E9	336.0
2.1772	9.340458652583008E8	240.0
4.2919	7.145845321875E8	192.0
0.8307	6763398.731933594	96.0
3.3853	1.3006241315498047E9	384.0
3.7603	8.765260046054688E8	336.0
4.3046	1.3260689086738281E9	432.0
2.7148	1.14230234446875E9	240.0
2.0273	3.7842977226953125E8	144.0
1.9824	5.958500385703125E8	144.0
1.8574	2.635110606953125E8	96.0
3.7148	2.3414831390625E8	96.0
3.9648	3.4525814884375E8	144.0
4.0546	3.688526416875E8	144.0
4.3829	1.4974028744101562E9	480.0
3.9102	1.8939105758920898E9	624.0
4.2579	6.979101727109375E8	216.0
4.6054	1.7308888941367188E9	480.0
2.6777	9.231529143061523E8	192.0
3.6152	6.201938165703125E8	264.0
3.8652	1.91130292184375E9	600.0
0.3606	12203.032665252686	24.0
3.8223	8.920211828818359E8	336.0
4.2071	1.4997828504902344E9	480.0
4.6573	2.5484856055585938E9	720.0
3.7974	8.770145064785156E8	288.0
4.7802	2.34582064809375E9	720.0
4.4677	2.120079187138672E8	72.0
2.6401	4.20122779E8	96.0
2.1401	1.1865677861123047E9	312.0
1.7263	1.631243704140625E8	72.0
0.8944	2233537.4462890625	24.0
0.4472	33554.15646362305	24.0
0.2236	1129.2772378921509	24.0
3.1401	2.033546345875E9	528.0
3.6401	1.403148061224121E9	504.0
4.0927	5.389696077128906E8	168.0
4.2802	8.018685278554688E8	312.0
4.828	1.7775851177421875E9	480.0
3.2265	1.5458441577988281E9	432.0
3.3985	5.722435707851562E8	192.0
1.7493	5.648529098105469E8	240.0
3.4986	7.118025320625E8	240.0
2.7514	7.250240506132812E8	120.0
2.6889	4.2432038678125E8	96.0
1.6882	4.065643053046875E8	192.0
3.3764	5.8682866025E8	192.0
3.5014	1.6377892483671875E9	504.0
4.5089	1.1293148703867188E9	336.0
2.9732	6.542633086171875E8	192.0
2.7857	1.11916080028125E9	240.0
2.5357	3.71926066640625E8	72.0
1.4866	2.0067980877075195E8	192.0
4.1964	7.433891083339844E8	240.0
4.4911	4.793953762988281E8	144.0
3.8393	6.2902448278125E8	192.0
1.9053	2.85546101796875E8	104.0
1.6553	2.557251176875E8	144.0
3.3106	5.760229618769531E8	144.0
4.2462	5.190106021347656E8	192.0
2.9394	3.9875939159375E8	96.0
1.4697	1.07396005470932E8	96.0
2.5865	7.3232110834375E8	144.0
0.8185	1417272.517578125	24.0
4.827	2.338678675359131E9	720.0
4.7645	1.258651047265625E9	336.0
4.452	1.0092324846796875E9	288.0
3.851	4.729149336953125E8	168.0
4.5978	2.1816295249023438E9	672.0
2.6739	4.478493163154297E8	96.0
1.8682	5.0047037307421875E8	168.0
1.8193	2.2450099588476562E8	72.0
4.4373	8.447235314414062E8	240.0
2.6249	2.3592091899882812E9	480.0
2.3749	4.587732707890625E8	96.0
1.5811	2.227497215546875E8	144.0
1.5937	2.5064205260546875E8	192.0
3.3749	1.2809057115546875E9	384.0
3.6249	1.8406915122207031E9	576.0
3.8497	8.045372497446289E8	288.0
4.8631	1.1529381869648438E9	384.0
4.7381	1.3286936297319336E9	384.0
0.6782	1028162.1257324219	48.0
4.7127	8.31040005515625E8	216.0
2.4249	2.583514749140625E8	56.0
2.1749	5.8395742165625E8	144.0
3.4249	9.081198786328125E8	288.0
4.0373	1.1077775373925781E9	336.0
1.5684	2.5646875617578125E8	144.0
2.9257	2.9534616080859375E8	72.0
4.7518	1.1056561549648438E9	336.0
4.1893	1.1758206057890625E9	384.0
4.5607	1.573089515E8	48.0
2.0616	1.281330372625E9	336.0
3.1241	3.52378936296875E8	72.0
3.4366	1.6305630441225586E9	552.0
4.1857	2.56608645375E8	96.0
4.6228	6.511169975546875E8	192.0
4.5022	9.270080086367188E8	264.0
3.3136	1.3340589144648438E9	360.0
4.3474	1.2376155633964844E9	384.0
2.6495	8.4046447809375E8	192.0
1.5556	1.6162235195703125E8	132.0
3.7987	5.5043459584375E8	192.0
3.9862	1.8235829700078125E9	624.0
4.2849	5.750938745332031E8	192.0
4.826	1.390441129E9	384.0
4.576	1.2046541755751953E9	336.0
3.0741	1.3244893241210938E9	384.0
3.0116	2.8019378328125E8	72.0
4.2107	1.1013237723950195E9	360.0
4.2732	2.1978229505253906E9	672.0
4.8518	2.404988148950897E9	672.0
2.6134	7.488556307265625E8	120.0
3.4132	8.32605378703125E8	240.0
4.8611	8.876684449453125E8	240.0
4.5486	1.6824889179648438E9	456.0
4.7244	7.9322649228125E8	288.0
4.4744	6.39058536527832E8	192.0
2.912	3.20695610578125E8	72.0
2.3495	5.023641143125E8	96.0
2.3622	1.3559732295820312E9	288.0
1.7436	4.97041048125E7	24.0
1.6186	1.290021286796875E8	72.0
1.456	6.00854097421875E7	72.0
0.8718	2354023.7998046875	24.0
0.728	3256151.2311401367	72.0
0.4359	66246.71655273438	24.0
3.662	1.4271757622890625E9	504.0
4.2615	5.39402469953125E8	168.0
2.1378	4.2154991234375E8	96.0
1.1314	3488764.046875	12.0
0.5657	77244.58020019531	12.0
3.5128	9.995602571328125E8	288.0
4.801	9.868853659492188E8	288.0
1.3565	4.19449524765625E7	48.0
1.044	1.7036565112319946E7	72.0
3.838	8.874901854404297E8	336.0
4.9437	7.705280566640625E8	240.0
4.8187	1.1962252164624023E9	384.0
0.9539	7988416.587890625	48.0
3.1906	7.076997129492188E8	216.0
3.8781	3.460213549609375E8	96.0
4.0062	5.2685341859375E8	192.0
3.0594	8.339707630810547E8	216.0
1.9672	4.49454491640625E8	120.0
1.5297	2.6317350295898438E8	216.0
3.3719	6.74301077796875E8	240.0
4.2438	1.039732698515625E9	336.0
1.9799	2.7517862059375E8	108.0
1.4799	1.1089461955078125E8	96.0
3.4598	7.7863370596875E8	240.0
3.9598	2.186121221328125E8	108.0
4.8929	2.6692761954375E9	720.0
4.5804	9.547968328515625E8	288.0
2.7713	4.1011515E7	8.0
4.0804	1.610339764895996E9	576.0
4.9183	5.616471288867188E8	192.0
4.7074	9.517204235039062E8	264.0
4.7308	1.2879652507597656E9	336.0
4.3324	1.56086587740625E9	408.0
3.0529	6.1394499740625E8	144.0
2.3537	1.0770995210390625E9	264.0
1.3077	8.71556500991211E7	120.0
3.2404	1.269747620640625E9	336.0
3.5412	9.737201342792969E8	288.0
4.1449	1.6215799666601562E9	552.0
4.2308	2.1017005176601562E9	624.0
3.6346	7.4509761925E8	288.0
3.8846	1.4083296852441406E9	480.0
4.0817	7.835036171772461E8	336.0
4.7445	5.3820621578125E8	168.0
4.6195	1.4596757501054688E9	384.0
2.7785	1.84538913109375E8	48.0
1.1705	4.623416221875E7	96.0
3.5285	1.1245242584199219E9	384.0
4.1195	1.0276370690432129E9	336.0
4.443	1.4292458363554688E9	384.0
2.9715	2.9629691728125E8	72.0
1.9545	2.76013968015625E8	96.0
3.909	2.75381691953125E8	96.0
4.7191	5.0240581034375E8	144.0
3.2342	1.9087287468085938E9	504.0
3.9217	1.621306253734375E9	528.0
2.8983	4.40588888875E8	96.0
3.6483	8.62669519953125E8	288.0
3.7108	1.1606990717695312E9	432.0
4.553	8.629544614570312E8	240.0
4.3909	7.279571619658203E8	240.0
3.0265	4.18713299859375E8	120.0
2.839	1.7793872738572998E9	336.0
1.1446	3.82955698515625E7	120.0
0.866	3854770.4584350586	56.0
3.214	5.619312499912109E8	144.0
3.4015	1.109772201897461E9	336.0
4.322	4.9616501247314453E8	168.0
2.161	6.43072272375E8	168.0
4.9163	1.6134224688496094E9	432.0
4.4788	1.9315491281601562E9	576.0
2.4269	9.537870810898438E8	192.0
4.5837	8.115720407304688E8	240.0
4.4587	8.888656150224609E8	288.0
2.8231	1.549346276546875E9	360.0
2.6981	6.13060554359375E8	144.0
4.0212	1.0504593658828125E9	336.0
2.2023	8.559454715175781E8	240.0
3.0773	4.6386808849609375E8	120.0
4.6325	1.2037402882841797E9	336.0
4.0075	1.0197865256496582E9	336.0
4.9417	1.1422333066738281E9	384.0
1.9698	1.4061373796875E8	48.0
0.9849	7392797.021484375	48.0
4.1917	9.173680336328125E8	336.0
4.1292	6.061349173149414E8	192.0
4.8083	6.68861815328125E8	204.0
4.1833	8.375852188125E8	288.0
4.8374	9.9595020884375E8	288.0
4.7749	5.94095644765625E8	192.0
2.4187	1.240669290078125E9	288.0
3.9812	8.104818659609375E8	288.0
4.0249	6.827067393671875E8	216.0
4.6626	2.5659627148203278E9	768.0
4.5376	6.594776832421875E8	192.0
2.9563	9.27203175109375E8	240.0
4.9497	2.491432216125E9	756.0
4.5122	1.3620129103769531E9	360.0
2.2561	1.6649305124609375E9	360.0
4.4878	1.374917162145996E9	432.0
3.6565	8.585969640683594E8	288.0
3.7815	1.1404026940820312E9	384.0
4.1255	7.226711132578125E8	240.0
2.7185	5.423332644570312E8	120.0
1.578	2.795939944941406E8	144.0
3.0935	7.688467624785156E8	192.0
4.062	1.3989377047243652E9	480.0
3.7683	3.0046152928125E8	96.0
2.9309	6.967567454140625E8	168.0
1.4967	6.1222399859375E7	48.0
1.5033	1.08879849984375E8	96.0
4.6011	1.4661427229482422E9	432.0
4.2261	8.15258506265625E8	240.0
3.7068	1.1145226179296875E9	336.0
4.8384	1.0479159851584473E9	360.0
1.9596	5.68992411875E7	24.0
0.9798	2737772.6171875	24.0
0.4899	65253.45071411133	24.0
3.9192	7.05483692578125E7	24.0
4.1509	4.136460800234375E8	120.0
4.8765	2.4303856758916016E9	720.0
4.564	7.048097216113281E8	168.0
3.8445	1.051489518175293E9	360.0
3.6194	1.192561519140625E9	432.0
3.9319	1.4137027487832031E9	408.0
4.9487	1.6315486193203125E9	480.0
2.6306	7.13831409078125E8	168.0
1.3153	1.1195688936132812E8	168.0
3.3181	8.624822223676758E8	336.0
4.0112	9.23539291144043E8	336.0
4.6733	9.279397325244141E8	288.0
2.8054	6.25130456E8	120.0
2.5554	7.62837959E8	168.0
4.3267	3.49093624640625E8	120.0
2.8196	4.627206526875E8	96.0
1.9723	7.975346099140625E8	264.0
3.1321	1.310114180614746E9	360.0
3.3196	7.211643463459473E8	240.0
3.5071	8.923559525152588E8	288.0
3.6946	5.58086878546875E8	192.0
3.9446	7.908048654760742E8	264.0
3.593	7.562608704492188E8	216.0
4.2485	1.5228257222802734E9	504.0
4.9477	5.010958071386719E8	144.0
4.5727	1.0726867771289062E9	288.0
4.3852	8.922870475546875E8	240.0
3.0676	2.3123436995859375E9	552.0
2.6926	1.86539993390625E9	360.0
4.1352	5.408471041933594E8	240.0
4.3023	1.1516760023671875E9	336.0
1.8412	4.971457531640625E8	144.0
3.6824	3.92755268203125E8	144.0
4.1773	1.5634141743476562E9	480.0
4.7896	3.251842270203125E9	912.0
2.8948	7.765186875976562E8	168.0
2.1448	1.8104020625E8	48.0
1.0724	1.3491764046875E7	48.0
3.1448	1.5857175024941406E9	432.0
3.9573	1.7334961541992188E9	576.0
4.8394	1.68064186525E9	504.0
4.6519	4.0038690371484375E8	120.0
4.3394	1.1466949995249023E9	336.0
3.7947	4.3938911133984375E8	120.0
3.2078	1.3857443862617188E9	384.0
3.8328	2.0835907773515625E9	672.0
4.8969	7.565667370898438E8	240.0
2.9172	9.94874494203125E8	240.0
4.7592	1.2352220048033447E9	384.0
4.5717	1.8896092562988281E9	576.0
2.5671	1.295990304859375E9	264.0
3.8171	7.20873400421875E8	288.0
3.9421	7.766593066484375E8	288.0
4.8785	3.43806353234375E8	96.0
4.684	1.2872064851171875E9	384.0
4.434	1.4953291404765625E9	432.0
3.467	8.749399927617188E8	288.0
4.8775	1.4279779541875E9	384.0
4.4283	1.278411640625E9	384.0
4.3658	8.4372793584375E8	240.0
2.2825	1.9004580541298828E9	384.0
3.1575	6.706093754140625E8	168.0
3.8079	4.464876220673828E8	168.0
3.8704	6.025283333203125E8	192.0
4.0025	1.2816683515039062E9	480.0
4.1158	1.9230479072949219E9	624.0
2.8425	2.884551534375E8	72.0
0.6325	302754.56115722656	24.0
3.7175	1.42499595875E9	456.0
4.6098	9.855224016015625E8	288.0
1.8788	4.4941381763964844E8	192.0
4.4654	2.2504538235319824E9	648.0
2.6077	6.603427764023438E8	144.0
2.6702	1.4885547221953125E9	288.0
3.1702	7.32681052125E8	192.0
4.2154	8.908774964570312E8	288.0
4.4721	3.363691022277949E11	144.0
3.8923	8.661767361484375E8	288.0
4.5453	2.5114192383320312E9	672.0
4.3578	1.160706061734375E9	360.0
2.3664	1.833273371875E8	48.0
1.1832	1.2883603345703125E7	48.0
0.5916	548085.2275390625	48.0
3.4914	4.61313548984375E8	144.0
4.2953	1.6120422263671875E9	480.0
4.6422	1.0097627292460938E9	288.0
2.7586	2.064751338515625E9	480.0
4.8795	1.515490750328125E9	456.0
4.3795	6.917190118359375E8	192.0
2.846	1.738088009862793E9	408.0
2.7459	1.254399310375E9	240.0
3.1209	1.5700596396601562E9	432.0
4.9457	1.1465830306640625E9	336.0
4.7582	1.1016440939140625E9	360.0
4.6957	1.5776676123970947E9	504.0
2.3791	1.6574370221142578E9	360.0
1.7833	3.677652502265625E8	144.0
1.6583	3.4435879609375E8	120.0
3.3166	5.4261301114375E9	120.0
4.7455	6.95459086984375E8	216.0
1.077	1.5140190755371094E7	72.0
0.5385	380403.60331726074	72.0
4.0336	4.253792145566406E8	168.0
2.3958	9.812705219179688E8	192.0
2.1794	6.939741558125E8	120.0
2.0833	9.585570534570312E8	288.0
1.9647	8.455093390820312E8	240.0
3.2419	4.333416990625E8	120.0
3.4583	5.654446324980469E8	192.0
3.5833	7.453956078300781E8	240.0
3.9294	6.282408747592773E8	240.0
4.1713	3.093510889550781E8	96.0
4.8959	1.5687551443027344E9	384.0
2.5417	9.812821883125E8	192.0
3.6042	5.36689003765625E8	192.0
4.0162	1.451475010140625E9	504.0
2.4207	9.63257309015625E8	216.0
4.8867	4.1079616542578125E8	144.0
2.8496	3.279768562421875E8	96.0
1.7748	3.6588125034375E8	144.0
1.4248	1.026124062421875E8	96.0
3.0496	9.72581652640625E8	288.0
3.3496	5.9589089028125E8	192.0
3.4871	7.681961403125E7	24.0
3.5496	2.99749769765625E8	144.0
4.1617	5.7172209509375E8	144.0
2.7129	2.6943117565625E8	48.0
4.6508	6.305667081601562E8	192.0
2.8879	8.46166171046875E8	192.0
4.2367	5.541325690742188E8	192.0
3.0871	1.4842448380273438E9	384.0
1.8248	3.66424932734375E8	120.0
1.6248	1.84034646890625E8	96.0
1.5748	1.3108119611914062E8	96.0
1.3748	1.95985802484375E8	192.0
0.8124	9438495.370117188	96.0
0.7874	4816414.53515625	96.0
3.1496	3.12428959203125E8	96.0
3.2496	3.3825857951171875E8	96.0
3.3121	1.5775233751240234E9	432.0
3.7121	6.854082233808594E8	240.0
4.9508	5.162841815957031E8	192.0
4.5133	1.0943508063671875E9	288.0
4.4508	7.658123867578125E8	240.0
3.1113	4.4926285078125E8	132.0
3.2879	5.327656050625E8	192.0
3.7363	5.16692253265625E8	168.0
3.8613	8.390156309970703E8	288.0
3.9762	1.2688460359140625E9	480.0
4.2024	1.8582771629296875E9	600.0
4.7508	1.117464867188507E9	288.0
4.6883	1.5446519059355469E9	432.0
2.2738	6.536022465234375E8	144.0
2.2113	1.058369423234375E9	240.0
4.9649	1.2870700521464844E9	384.0
1.9131	3.438138547890625E8	144.0
3.6387	1.868438961484375E8	72.0
3.8262	4.837733313125E8	144.0
4.0274	1.0580829721328125E9	360.0
4.8508	6.800807087578125E8	192.0
1.2369	6.6604523306152344E7	144.0
3.1129	1.0643620893453369E9	288.0
3.2863	6.1058181896875E8	192.0
4.1976	8.60896627984375E8	288.0
4.5585	1.7080261455385132E9	480.0
2.623	8.5190970875E7	24.0
1.3115	2.266370416558838E7	24.0
3.0887	1.2263458487617188E9	360.0
3.1512	6.18346293625E8	144.0
3.7762	1.0891286759780273E9	384.0
3.8105	2.76711246515625E8	104.0
4.6915	2.8481318397714844E9	768.0
2.9597	3.7446979575390625E8	96.0
2.502	2.349159638625E9	432.0
2.4597	1.6891358203261719E9	312.0
2.377	6.85652468027832E8	144.0
0.469	66115.51794433594	24.0
3.3347	4.65074995375E8	168.0
3.5847	3.584864889873047E8	144.0
3.9395	1.14939342375E8	48.0
3.6028	9.959490226733398E8	384.0
4.7117	2.8623272284375E8	96.0
2.9496	7.910172119248047E8	192.0
1.9748	5.64202055375E8	192.0
3.4496	1.2700853019101562E9	480.0
4.1569	8.24847025625E7	32.0
1.7607	2.05007919828125E8	96.0
3.1464	1.6223373949921875E9	432.0
3.5214	2.70525177E8	96.0
4.7181	1.6886188893203125E9	480.0
1.7889	5.7381930875E7	24.0
4.9447	1.1711861167851562E9	384.0
4.3197	1.270431423084961E9	384.0
2.9411	8.218170606230469E8	192.0
2.8089	1.889590148703125E9	384.0
4.7085	1.1641372703183594E9	336.0
1.8385	4.3075932384375E8	180.0
3.1145	4.523450688125E8	144.0
3.3645	3.1060874446875E8	72.0
3.677	5.51878032984375E8	180.0
4.1665	9.042399745546875E8	288.0
4.8662	5.316196053125E7	24.0
4.6787	2.846403048522949E9	720.0
2.4331	1.261926114375E8	24.0
1.4353	2.942054696567383E8	240.0
3.5581	1.2073072333515625E9	384.0
4.4463	1.4221078856992188E9	432.0
3.6919	3.8345324620703125E8	144.0
3.8794	1.175445166944336E9	480.0
4.6444	9.491861082070312E8	288.0
3.9472	3.750643438417969E8	144.0
4.5431	5.95901603015625E8	144.0
4.4181	3.687141243203125E8	120.0
2.8653	1.7567834450029297E9	360.0
2.6153	5.5368338475E8	120.0
1.5264	1.9039645366308594E8	144.0
4.7476	1.5606129167460938E9	432.0
4.6851	1.4152885935429688E9	384.0
4.3726	3.0474183284375E8	96.0
2.1863	3.6347993709765625E8	96.0
3.2512	6.99160126427124E8	192.0
3.5637	7.2871862896875E8	240.0
3.5355	1.3089828870078125E9	444.0
3.7855	1.1259366857333984E9	432.0
4.8713	1.01828845703125E9	288.0
3.1544	8.344106300805664E8	192.0
3.8419	7.344321581054688E8	288.0
4.5662	1.3017062130742188E9	384.0
4.0037	3.74033621828125E8	144.0
4.7697	7.269640994453125E8	240.0
2.7911	1.0819103311123047E9	240.0
3.6661	1.586393591875E8	48.0
3.8536	1.1410652894121094E9	384.0
4.7021	1.3743384766831055E9	384.0
3.2573	1.057918832421875E9	312.0
3.3823	4.215970573613281E8	144.0
4.7979	5.635215717910156E8	192.0
1.9026	5.109694613590088E8	216.0
3.1177	3.6192078653125E8	104.0
2.569	2.90676841546875E8	96.0
1.2845	5.862598023535156E7	96.0
4.0755	1.7658765144973145E9	576.0
2.3685	9.50470780328125E8	192.0
3.681	8.74207232671875E8	288.0
4.9729	8.281144725546875E8	240.0
4.7854	7.698082372593994E8	240.0
4.5354	1.760705331836914E9	528.0
2.8302	1.9214449826484375E9	432.0
2.7677	1.2592170853654785E9	288.0
3.3302	2.147824894638672E9	600.0
1.8974	3.345575714536133E8	120.0
0.9487	1.4314194666992188E7	120.0
3.7323	6.24619897984375E8	192.0
0.6481	957294.0351257324	48.0
3.0299	9.41290552265625E8	192.0
3.1193	6.281810545E8	144.0
3.4943	1.1486673058164062E9	384.0
3.5299	5.954319661875E8	192.0
3.7443	3.8979688615625E8	168.0
3.9674	2.0762266145078125E9	648.0
4.1761	2.34472871125E8	72.0
4.6989	2.7427362316015625E8	96.0
2.1307	5.440815314648438E8	168.0
2.1932	8.11445352015625E8	192.0
1.8466	8.676395952705078E8	336.0
3.5057	1.3984536484726562E9	456.0
3.6932	9.479867145205078E8	336.0
3.8807	9.092432353149414E8	288.0
4.9082	1.7879922633222656E9	480.0
4.5957	1.681563249453125E8	48.0
3.0166	7.591737278359375E8	192.0
3.5791	8.0938525040625E8	288.0
4.4011	2.0836773741933594E9	576.0
4.3428	2.753848782959961E9	768.0
2.7964	1.2604604662421875E9	288.0
2.4839	5.974076761015625E8	144.0
1.5232	3.1702013984375E7	24.0
0.7616	858861.8586425781	24.0
4.2178	8.206595421914062E8	240.0
2.4536	1.39102158290625E9	288.0
1.6643	1.936629010390625E8	72.0
4.9739	3.109505080029297E9	936.0
4.7864	1.6197668351601562E9	432.0
4.5989	9.01220645796875E8	240.0
2.881	1.0281791547211914E9	240.0
2.506	3.145579045859375E8	72.0
2.5807	1.8526856842070312E9	360.0
1.8841	2.9575683284375E8	96.0
1.253	4.348224583300781E7	72.0
4.988	3.5027760371875E8	144.0
4.613	1.485020420859375E8	48.0
4.6755	1.9512680783964844E9	504.0
2.494	6.54753955859375E8	144.0
2.3065	1.9646705059375E8	48.0
2.119	8.615964609541016E8	240.0
2.6533	6.2560498986328125E7	24.0
2.4658	3.653565224375E8	72.0
1.2329	3.8484042302734375E7	72.0
1.8921	2.35004804734375E8	72.0
3.6592	5.32970489328125E8	192.0
3.7842	2.9408925275E8	72.0
4.4306	4.67730912203125E8	144.0
4.3681	5.767744734824219E8	216.0
3.0903	4.03562568921875E8	96.0
3.1528	7.81113742234375E8	192.0
3.5903	1.3550616067714844E9	432.0
2.2847	4.11150711453125E8	120.0
2.0347	6.690229024439697E8	240.0
3.5972	8.990908824379883E8	336.0
4.0694	7.455690135351562E8	240.0
3.7908	9.4826881075E8	288.0
3.7283	6.311282601484375E8	240.0
4.8559	1.0481642707724609E9	360.0
2.7092	2.1176408031933594E9	480.0
0.3317	7085.536354064941	24.0
3.9661	7.208541893359375E8	264.0
4.6303	7.0576687E8	168.0
2.6589	6.813549348359375E8	144.0
4.0175	8.688122263671875E8	336.0
4.1425	6.230843526171875E8	192.0
4.5409	6.0991430565625E8	144.0
4.4159	1.0985669503496094E9	336.0
4.3966	6.694179053125E8	216.0
4.0841	4.18352431578125E8	144.0
4.5277	1.142525702796875E9	336.0
4.5902	5.659415098574219E8	216.0
1.3038	9.7147614421875E7	144.0
0.9644	6174851.2216796875	48.0
3.2326	6.45354124810791E8	192.0
3.6701	4.269699139140625E8	144.0
4.0902	1.2073044414511719E9	384.0
4.7223	7.975096069296875E8	240.0
2.1424	7.96945049984375E8	192.0
2.9206	5.83787792703125E8	120.0
2.7331	1.082793235171875E9	216.0
2.5456	5.0532282034375E8	108.0
1.2728	5.110494632714844E7	108.0
3.1081	1.1320002453007812E9	288.0
4.3463	2.9264078359140625E9	864.0
4.0963	7.64799545890625E8	240.0
4.329	2.160240855078125E9	672.0
2.8355	7.507378206796875E8	144.0
4.046	1.5607246522333984E9	456.0
4.1085	3.345340356777344E8	120.0
3.0512	5.607864677890625E8	168.0
4.1024	7.716394644375E8	240.0
4.4418	1.6373344104296875E9	504.0
1.2042	3.865770157373047E7	96.0
2.7166	1.0316746028984375E9	240.0
2.1541	2.955504734765625E8	72.0
4.1207	7.170249437851562E8	192.0
4.8021	2.6135768322128906E9	768.0
4.3646	1.0099706682802734E9	288.0
2.5573	1.5248705665039062E9	336.0
4.1146	8.217572418359375E8	264.0
4.8229	9.2793105875E8	264.0
2.8249	6.8933797925E8	192.0
0.2828	1225.3149147033691	12.0
0.1414	10.880978114902973	12.0
3.5749	6.5659625134375E8	240.0
1.9313	3.664939953334961E8	120.0
3.7376	7.68446549265625E8	288.0
3.8626	3.270997629296875E8	120.0
2.9749	1.2917442775019531E9	288.0
3.2249	3.8779081834375E8	96.0
3.9749	5.301600183671875E8	192.0
4.5111	6.122536294921875E8	192.0
4.4486	2.03301028371875E9	552.0
1.7059	1.95279393109375E8	96.0
3.7868	1.2146671169804688E9	384.0
3.2757	1.0215469490273438E9	288.0
2.486	6.99817842859375E8	144.0
1.8055	7.09507724078125E8	264.0
1.118	4.979975125E7	144.0
3.2985	1.59217286734375E8	48.0
4.653	1.14979717121875E9	336.0
2.514	5.0524751290234375E8	96.0
2.4515	9.517932711640625E8	240.0
1.257	6.12763464453125E7	96.0
2.9017	1.4127123144921875E9	312.0
2.7767	6.10478345328125E8	144.0
1.7321	3.4671939586953125E9	56.0
3.3392	9.49936667671875E8	240.0
4.0534	7.148553717421875E8	240.0
4.3841	1.2472487463125E9	396.0
2.6608	3.555745753125E8	48.0
1.3304	5.1591495625E7	48.0
4.2591	1.7325646864179688E9	552.0
4.9204	2.4584290774335938E9	792.0
4.7329	1.978533486875E8	48.0
4.4204	1.1015357548964844E9	336.0
3.5398	1.145857711020996E9	384.0
3.8523	5.026028388027344E8	192.0
4.98	3.5966169128125E8	96.0
2.9275	1.5432864568964844E9	384.0
2.99	1.3869261264804688E9	336.0
2.49	4.53471909234375E8	96.0
1.995	7.913059623984375E8	240.0
1.245	6.33880406953125E7	96.0
3.49	8.940325715625E8	288.0
3.5525	1.426938050730072E9	432.0
3.99	8.044534356914062E8	240.0
3.2741	9.8756655125E7	24.0
4.9518	3.473767994453125E8	120.0
4.52	1.245590188140625E9	360.0
2.51	9.998935763554688E8	240.0
2.4759	6.51537623E8	120.0
2.01	4.95876947671875E8	168.0
1.7692	2.22529041328125E8	96.0
1.755	2.507260290107422E8	96.0
1.005	3.54297222734375E7	168.0
1.0817	4.012941301196289E7	120.0
0.8775	7849648.255859375	96.0
3.01	1.621300581078125E9	336.0
3.0725	2.43699025375E8	72.0
3.51	2.7254979096777344E8	96.0
3.5384	2.5550713867382812E8	96.0
4.02	5.740626848862305E8	168.0
4.0768	6.804441627949219E8	240.0
4.3784	1.3014431740664062E9	384.0
2.8142	6.698752744375E8	120.0
2.2517	4.0555869690625E8	104.0
1.4071	1.4394349800830078E8	120.0
0.7348	3366620.620979309	96.0
3.0017	1.204580813578125E9	288.0
3.6892	2.0454482071035156E9	720.0
4.7466	1.4901897128964844E9	432.0
2.9983	1.5345084259238281E9	336.0
2.3108	1.16846463253125E9	240.0
1.7804	2.71313473921875E8	120.0
3.7483	7.830714477866211E8	288.0
3.1953	8.11166142046875E8	264.0
3.4453	6.715234899008789E8	216.0
4.7969	2.0222495733164062E9	576.0
4.4844	6.3872150725E8	168.0
3.6797	7.6814554109375E8	264.0
4.2344	1.3300917818154297E9	432.0
3.5735	1.3140517375625E9	408.0
4.272	1.0949664420625E9	336.0
4.2095	2.4965147740625E8	120.0
4.978	1.3757085430703125E9	384.0
2.5515	8.808985722851562E8	192.0
3.1765	8.901142479453125E8	240.0
3.3015	5.1844593355078125E8	144.0
3.739	6.80521190828125E8	240.0
4.6152	1.3182396164003906E9	384.0
3.3076	1.1848039676015625E9	312.0
3.4424	6.108386346328125E8	192.0
4.7265	1.3501198906386719E9	408.0
2.832	5.717576754833984E8	144.0
3.043	2.0360308418271484E9	480.0
4.1485	1.9305623899375E9	624.0
4.3139	1.5162307391621094E9	456.0
2.5632	1.2254979648632812E9	240.0
3.1257	8.205688945585938E8	240.0
4.6861	1.357565789875E9	360.0
3.8118	4.847226014609375E8	168.0
3.8743	7.561292807773438E8	288.0
4.4643	9.64792177375E8	288.0
2.3259	5.685452838125E8	120.0
1.9442	4.863931017109375E8	192.0
1.5067	1.3402417645703125E8	120.0
3.2634	5.516719649414062E8	192.0
3.8884	5.82335145921875E8	192.0
3.9509	1.2252103733706055E9	384.0
4.7011	2.1872019447060547E9	672.0
4.3886	1.3515388732382812E9	360.0
2.7568	2.3633587673046875E8	48.0
1.3784	5.7504990046875E7	48.0
3.5693	1.4004790262753906E9	504.0
0.7483	1604494.4252929688	48.0
3.4307	5.297135949453125E8	144.0
4.6249	6.056501431171265E8	192.0
4.3749	2.0235284093632812E9	576.0
2.4062	9.289138165947266E8	192.0
3.2187	3.073719935625E8	96.0
3.3437	1.2524669873203125E9	432.0
4.9376	1.1351892022578125E9	336.0
2.0688	2.766236121357422E8	72.0
1.0344	1.876405663232422E7	72.0
3.4438	9.65013575921875E8	288.0
3.7563	2.865258476464844E8	96.0
4.1376	2.382202261796875E8	72.0
4.2626	1.6630708856982422E9	480.0
4.4249	1.4246558733320312E9	384.0
1.5906	5.6607008373046875E7	48.0
3.1812	2.495933985E8	48.0
3.9937	1.069115642734375E9	384.0
4.8114	1.7549555503535156E9	432.0
4.6239	1.905841361328125E9	504.0
4.4989	1.1655995516777344E9	336.0
2.9682	1.9351168336103516E9	480.0
1.1091	1.929859110546875E7	48.0
3.8432	6.152960967636719E8	192.0
4.5011	1.4596172795507812E9	408.0
4.3761	4.35651204E8	144.0
2.8443	1.78556042484375E9	384.0
2.5318	1.4578419359869385E9	336.0
3.2818	9.671981311088867E8	288.0
4.337	2.4255237175859375E9	720.0
2.2935	6.45105077984375E8	144.0
1.6155	3.158550682265625E8	216.0
4.7255	6.93481142802002E8	192.0
4.4755	8.045241628710938E8	216.0
0.911	7719496.637939453	72.0
0.8485	3076412.3090820312	36.0
3.5185	1.51794130096875E9	504.0
3.956	9.756481987890625E8	336.0
4.5255	2.4233038125E7	12.0
4.588	2.1596645139628906E9	576.0
1.772	6.908413945131836E8	312.0
1.4595	1.1916302919921875E8	96.0
3.544	1.082593852171875E9	312.0
4.2755	2.453946779296875E8	96.0
4.9406	2.942458434571533E9	912.0
2.7203	7.70088639015625E8	192.0
1.7664	9.4120621921875E7	48.0
0.8832	4289233.966796875	48.0
4.8094	1.9649241077519531E9	576.0
1.2961	4.092184325E7	48.0
3.3422	4.4489629846875E8	168.0
4.1219	8.4772748896875E8	264.0
4.5848	1.0518005982421875E9	312.0
4.4598	1.9785734830820312E9	576.0
2.9799	4.966727059092407E8	144.0
3.4799	9.935110833115234E8	336.0
3.6674	5.901452755585938E8	192.0
3.8549	7.020669381455078E8	240.0
3.9799	1.88815833E8	72.0
4.1473	4.4850554778125E8	144.0
4.9588	1.5729445196298828E9	456.0
4.4777	1.2086786785532227E9	384.0
2.5826	4.7433078909765625E8	96.0
3.3956	6.1278566425E8	192.0
4.1037	4.45844511046875E8	120.0
4.8908	3.258121374824219E8	96.0
2.4454	3.310739171875E8	96.0
2.1954	9.223569729921875E8	240.0
2.8671	9.930144958166504E8	240.0
2.6796	5.956938827265625E8	144.0
1.6523	1.69009748109375E8	96.0
3.1796	1.0246798228125E9	288.0
2.0445	2.7773128762402344E8	96.0
1.241	5.5094771619140625E7	96.0
4.089	2.1852178619140625E8	96.0
4.9608	1.4945408221777344E9	432.0
4.5233	1.2721684973730469E9	384.0
2.1679	9.889169133496094E8	240.0
1.634	7.6658468703125E7	48.0
3.2696	1.118162614859375E9	360.0
3.268	1.3041078644921875E8	48.0
3.5805	4.61515041875E8	144.0
3.7696	1.7222406399648438E9	648.0
4.286	1.0403378838046875E9	288.0
4.9396	3.811178636484375E8	144.0
4.8146	1.3988648547890625E9	432.0
4.6271	3.3633382031708984E9	936.0
4.4396	1.391070644890625E9	384.0
2.9698	1.48429401390625E9	324.0
2.4698	6.370438325859375E8	144.0
1.9849	4.03718924953125E8	120.0
1.7349	1.7109579062109375E8	96.0
3.4073	1.8866016445429688E9	576.0
4.2521	2.9693091240234375E8	96.0
4.8104	1.1861362654355469E9	336.0
2.9052	2.778008664375E8	72.0
2.6552	1.7238911497148438E9	288.0
1.8276	4.21184869875E8	144.0
1.6401	4.9661659485546875E8	264.0
1.4526	7.567927384375E7	72.0
3.2802	8.448261863085938E8	264.0
3.7802	7.2614212375E8	264.0
4.7937	1.49421752478125E9	384.0
4.5188	1.9962432228789062E9	600.0
4.3313	5.54629358421875E8	192.0
2.8844	1.083059605E8	24.0
2.6344	6.6814001409375E8	120.0
1.4422	2.1902672859375E7	24.0
0.7211	728334.9912109375	24.0
3.1969	1.3781811339638672E9	384.0
2.1095	2.8090534990625E8	96.0
3.422	4.590008727890625E8	168.0
4.219	3.2724785916552734E8	96.0
4.531	7.327820694082031E8	216.0
4.5935	9.858947673291016E8	336.0
2.953	5.928070559375E8	120.0
1.4765	1.1858779168359375E8	120.0
4.7434	2.541889220248047E9	720.0
4.6184	1.9392982851367188E9	576.0
2.9967	6.358869611953125E8	144.0
1.0296	1.4306881341796875E7	72.0
3.8717	1.0353743446464844E9	312.0
3.8092	8.85774667795044E8	312.0
4.0559	6.134344956328125E8	192.0
4.1809	7.469931225449219E8	240.0
1.9079	1.70306969734375E8	48.0
1.3454	9.466537292480469E7	120.0
1.0954	1.0892131854003906E7	48.0
0.8602	1.0152260699951172E7	120.0
0.5477	215169.79608154297	48.0
3.0033	1.3584719302539062E9	336.0
3.8158	1.4770887153125E8	48.0
3.9408	1.1632476671640625E9	480.0
4.1316	7.8312428146875E8	240.0
4.6819	3.380315942890625E8	96.0
4.4944	2.8201065347558594E8	96.0
2.2472	4.397036975E8	96.0
1.8111	9.1980464E7	48.0
3.6222	1.52768518875E8	48.0
4.8806	8.646950699072266E8	336.0
4.5056	1.5187057807363281E9	480.0
4.2556	1.815840025022461E9	552.0
4.4822	2.4760622162695312E9	672.0
2.8036	1.12124886571875E9	192.0
3.1161	1.4195946096171875E9	360.0
4.0447	6.142654680585938E8	192.0
4.7053	1.862765059711914E9	576.0
4.4553	1.6594500089951172E9	480.0
4.9578	8.839186993535156E8	216.0
3.0414	6.829174564960938E8	168.0
0.4583	111810.18351745605	48.0
4.7297	1.1576804168203125E9	360.0
3.1273	1.1513288476132812E9	288.0
3.2711	1.4080225585917969E9	432.0
3.7523	5.71706034375E7	24.0
4.2297	1.0399832537011719E9	312.0
4.6829	9.011712410346069E8	288.0
4.3704	2.079842190296997E9	672.0
2.985	8.682402685625E8	216.0
2.735	1.629781138125E8	48.0
2.7477	1.3096720445E9	288.0
2.5475	1.2426029303125E9	240.0
2.4352	1.4023906510234375E9	288.0
1.9925	2.72173552390625E8	72.0
1.3675	5.18942162578125E7	48.0
3.735	8.804917097734375E8	288.0
3.985	2.3521704760546875E8	72.0
4.2825	1.4228661465351562E9	432.0
4.8425	2.6633024063725586E9	672.0
2.265	8.0817592428125E8	192.0
3.015	2.3982248493669434E9	504.0
3.265	9.4246361034375E8	240.0
3.4525	2.36382453125E8	72.0
3.8275	6.22870265116333E8	192.0
4.7424	1.6994244460151367E9	480.0
4.6174	3.750857940371094E8	144.0
2.3087	6.013055175117188E8	144.0
3.4337	1.2852880523115234E9	360.0
3.6837	5.166309334375E8	192.0
3.9962	4.855495461796875E8	168.0
4.8826	5.013876726152344E8	168.0
2.4413	7.754646193945312E8	168.0
3.048	1.8388453781225586E9	432.0
0.5745	513025.50799560547	48.0
3.923	1.4343965302470703E9	408.0
4.8415	6.990616895253906E8	216.0
4.654	1.71943870546875E9	504.0
4.4665	6.35357368390625E8	192.0
4.0915	1.8354945723251953E9	576.0
4.8918	2.4634886530546875E9	720.0
4.7043	1.8120677247519531E9	504.0
4.5793	1.4229613209492188E9	432.0
3.6959	5.9728721290625E8	216.0
3.9459	1.395778308397461E9	504.0
4.5706	1.8749651948164062E9	528.0
2.8478	6.529919427578125E8	168.0
3.4728	1.5670145628913574E9	504.0
3.4103	5.775094770234375E8	168.0
4.0706	6.842904174804688E8	192.0
4.4294	1.182364319177246E9	360.0
4.3669	9.949876966875E8	312.0
3.2772	1.1587414266132812E9	384.0
1.8708	7.028811758027344E8	240.0
1.2124	2.862352281640625E7	56.0
3.2373	2.132297858828125E8	72.0
2.2627	5.0923012625E7	12.0
4.4238	7.352056605507812E8	192.0
4.2988	3.013764281796875E8	96.0
2.1494	3.6638406982421875E8	96.0
1.1874	4.038408615332031E7	96.0
3.5623	1.1820623096074219E9	384.0
4.8363	1.6708715338570557E9	456.0
4.8754	7.076548975849609E8	192.0
4.5629	8.569076183251953E8	288.0
1.2247	5.150617052392578E7	120.0
3.0627	8.459157778771973E8	192.0
3.1369	4.845906317890625E8	144.0
3.2619	9.297855281328125E8	240.0
4.5387	5.517172693125E8	144.0
3.9256	1.2487090713183594E9	432.0
4.1012	1.252340384078125E9	372.0
1.8628	3.4629611128125E8	120.0
1.7378	3.6095138318359375E8	144.0
3.0381	1.1768539053398438E9	240.0
3.4756	4.3332941034375E8	144.0
3.7256	2.4474104992333984E8	120.0
3.7881	2.353731009765625E8	96.0
4.0137	1.1741729681113281E9	360.0
4.2012	8.126691078359375E8	240.0
4.9254	2.1143778542226562E9	648.0
4.998	1.5398991693789062E9	480.0
4.3105	7.937592690390625E8	240.0
2.874	6.511346707929688E8	144.0
1.562	1.33164773859375E8	72.0
0.781	4674774.027709961	72.0
3.3377	9.511530816796875E8	264.0
4.2379	7.074106559179688E8	240.0
2.126	3.47708739875E8	96.0
1.063	3.1129967778198242E7	96.0
4.0645	7.11305419953125E8	240.0
0.8062	4041171.1938476562	96.0
3.1623	2.144345088402461E11	144.0
1.8868	3.1577378078125E8	144.0
1.3491	1.0547304137109375E8	144.0
0.9434	1.8251595306884766E7	144.0
3.4482	8.992942896445312E8	240.0
3.5861	2.162946845315918E9	696.0
3.7736	3.0447871584765625E8	144.0
3.9611	1.1215529204609375E9	336.0
4.0472	1.4657374266835938E9	432.0
4.1097	1.5569768214995117E9	432.0
4.9528	2.0137413653798828E9	624.0
4.3278	4.686485041035156E8	144.0
3.1639	1.7531209727675781E9	480.0
3.6014	3.7003051036865234E8	144.0
2.6268	9.56758603140625E8	192.0
2.4393	4.78158410625E8	96.0
3.0643	7.9922923959375E8	192.0
2.8107	9.92346352375E8	192.0
3.9357	6.347470106269531E8	216.0
4.4956	2.8492500796796875E9	816.0
4.3081	1.828912579375E8	72.0
2.3728	1.169153337234375E9	216.0
0.6557	995793.2333984375	24.0
3.5889	3.1575241121875E8	96.0
4.2403	7.86115083734375E8	240.0
4.8847	1.3659052026679688E9	384.0
4.6347	4.82107805984375E8	144.0
4.5044	1.341346421265625E9	408.0
4.2544	8.762239916835938E8	240.0
4.0669	7.550409128076172E8	264.0
4.902	5.90944339875E8	192.0
4.777	1.6563823980722656E9	480.0
3.1385	1.2238263511796875E9	288.0
2.6115	5.2858323308203125E8	144.0
3.3615	1.6061325842597656E9	528.0
4.1605	6.741753000664062E8	192.0
4.9669	5.02051232765625E8	168.0
3.3272	8.1485833428125E8	192.0
3.3897	7.123703433359375E8	192.0
3.8897	5.409206934121094E8	192.0
3.9522	8.322616025800781E8	336.0
4.8456	5.60446776046875E8	168.0
2.4228	8.519774048652344E8	168.0
2.2978	2.8257147859765625E8	48.0
1.1489	1.7362199756835938E7	48.0
4.1581	1.1219085302773438E9	288.0
4.8198	8.01466302293457E8	192.0
2.8018	8.252906853984375E8	192.0
2.0518	3.498781990546875E8	120.0
3.9268	6.34589013140625E8	240.0
3.9724	5.3248362260009766E8	192.0
4.8052	2.8117137462597656E9	792.0
4.5552	1.6821295691679688E9	504.0
3.7776	1.2434982345625E9	360.0
3.9026	5.658936894677734E8	168.0
4.756	1.017322772578125E9	288.0
0.9695	1.449980828125E7	96.0
3.6905	8.9921424790625E8	288.0
4.5177	1.417194221515625E9	384.0
2.7276	6.527742706171875E8	144.0
1.6763	4.3468141069873047E8	240.0
1.3638	1.2853125880664062E8	144.0
3.3526	7.730277844599609E8	240.0
4.7948	8.87541570949707E8	264.0
2.0224	7.296590633857498E8	192.0
4.8693	1.0035292950375977E9	312.0
2.9034	5.1872058619921875E8	144.0
2.3409	4.8213084390625E8	96.0
2.2159	9.003167095703125E8	216.0
1.3892	5.294965578125E7	48.0
1.6733	1.076277543125E8	48.0
3.1591	1.230784017953125E9	312.0
3.3466	1.6555768375E8	48.0
3.5341	1.410415880359375E9	384.0
3.7216	1.6927197653671875E9	576.0
4.9214	7.809940956914062E8	240.0
4.7339	1.9469023232773438E9	576.0
4.5464	7.868665158222656E8	192.0
4.3589	1.7178939162226562E9	120.0
2.0857	3.4679474806933594E8	96.0
1.4491	1.030290341015625E8	96.0
3.0232	1.8089867889023438E9	432.0
4.6411	1.6954120266015625E9	480.0
2.7893	6.929092843710938E8	168.0
4.994	7.994083923535156E8	240.0
4.9315	1.995882554716797E8	72.0
0.9055	5860015.217559814	48.0
3.5595	4.855377606640625E8	144.0
3.9345	3.818695602109375E8	120.0
3.7014	1.4493559510292969E9	528.0
4.2778	9.4080499771875E8	288.0
2.2361	8.394607913890869E9	144.0
3.6111	7.344741293671875E8	264.0
4.6658	1.6764695418886719E9	480.0
2.0421	6.178380030859375E8	144.0
3.2296	7.780458721875E8	192.0
3.7921	5.859344104960938E8	192.0
3.1417	6.97631527453125E8	192.0
4.6076	1.311372650765625E9	336.0
4.6701	1.5746780507734375E9	432.0
4.1701	1.5667298623066406E9	480.0
2.9462	4.7759685055859375E8	96.0
2.0712	6.281112997675781E8	192.0
1.4731	1.1843649805859375E8	96.0
3.1337	4.609249329658203E8	120.0
4.7613	9.413764725693359E8	264.0
4.5738	3.078087664951172E8	120.0
4.3863	6.197472813041992E8	192.0
2.2869	4.55269323078125E8	120.0
1.1747	4.2446975353515625E7	96.0
3.5369	1.050935281979248E9	360.0
4.1988	9.21156934871582E8	288.0
4.3012	1.9382238396835938E9	600.0
2.9631	1.0249536641054688E9	240.0
2.0881	2.201955488125E8	72.0
3.5256	3.9858051890625E8	96.0
4.9041	1.5597957332382812E9	480.0
4.7791	4.532603296171875E8	120.0
2.9833	1.15370275553125E9	288.0
2.8583	6.196755427773438E8	144.0
3.6083	6.777819918359375E8	192.0
4.2166	1.5505347050234375E9	480.0
4.352	1.2129821381953125E9	360.0
4.2895	2.1756518009375E8	48.0
4.8249	7.291588986177826E8	192.0
4.5749	1.8388554428862305E9	480.0
2.7313	1.3950729079648438E9	312.0
3.6688	1.0959830209121094E9	336.0
4.9749	1.3870375278105469E9	360.0
2.3937	9.362328916503906E8	192.0
1.6031	2.95998294265625E8	192.0
3.2062	7.14394206625E8	192.0
4.2249	1.2975395778066406E9	384.0
4.4632	3.8794215921875E8	96.0
4.3382	7.04199497765625E8	216.0
2.9816	7.904418844743042E8	192.0
2.8566	2.53818208890625E8	48.0
2.2316	4.3456424299609375E8	96.0
1.4283	6.0658086765625E7	48.0
3.4191	2.010639734180664E9	576.0
2.0809	4.7232915650390625E8	144.0
4.986	2.471001267740036E9	672.0
4.736	1.3268292708496094E9	360.0
3.618	8.727696037929688E8	288.0
3.743	9.4803811071875E8	336.0
4.111	9.454944780195312E8	312.0
4.639	4.180292455390625E8	120.0
2.9445	7.4376973184375E8	152.0
2.3195	3.9270964326049805E8	120.0
3.882	2.3713524134228516E8	96.0
2.7946	9.412233781640625E8	240.0
4.2767	1.558783106974121E9	480.0
4.4733	1.8890748250810547E9	576.0
4.3977	2.3064610740429688E9	624.0
2.5179	7.958818501591797E8	168.0
1.7088	8.4684160875E7	48.0
0.8544	5359239.411987305	48.0
3.4554	1.0913173257480469E9	336.0
3.4176	1.452968328125E8	48.0
3.7054	6.202273537421875E8	216.0
4.6648	2.59713711875E8	48.0
4.5398	1.9595134264023438E9	600.0
2.7074	8.435774195839844E8	168.0
2.5199	1.1832413108125E9	240.0
2.3324	1.826752161875E8	48.0
2.0199	1.9837342115625E8	48.0
1.1662	1.723601639453125E7	48.0
0.5831	495868.35881996155	48.0
3.0199	1.822482643125E8	48.0
3.8949	1.725562430225586E9	576.0
4.0398	1.42040037171875E8	48.0
4.2273	4.558323622089844E8	168.0
4.99	1.206206517453125E9	384.0
4.49	5.7773963875E8	144.0
2.995	7.419789485E8	192.0
2.245	6.594517532890625E8	144.0
1.1225	4.32374238326416E7	144.0
3.245	1.5187750488066406E9	408.0
2.6683	4.59701664375E8	96.0
2.3558	4.704507259042969E8	96.0
4.0866	9.508011253554688E8	336.0
4.9759	4.553758071484375E8	120.0
4.51	1.7583903498710938E9	480.0
4.4475	5.24228310875E8	144.0
4.3509	6.95996454453125E8	240.0
2.005	5.77583621171875E8	192.0
1.8221	2.1122939637109375E8	72.0
1.6971	8.33481343828125E7	36.0
3.3317	8.138592188925781E8	192.0
3.6442	1.922168250625E8	72.0
3.755	1.2360575452299805E9	384.0
4.01	5.7488897459375E8	192.0
2.7821	1.4269770252138672E9	360.0
2.6571	1.290027132921875E9	288.0
2.2804	2.4513421634375E8	48.0
1.1402	1.26134220859375E7	48.0
4.0608	1.8333507800585938E9	576.0
3.1305	6.634069745E8	168.0
4.989	1.8053046371640625E9	528.0
4.9265	1.2335539035703125E9	336.0
4.6765	1.1239320698984375E9	320.0
4.0632	5.550918132246094E8	192.0
4.5618	2.5249687448203125E9	720.0
4.4866	6.226150905859375E8	192.0
2.9933	1.6526188788671875E8	48.0
3.1559	5.646685738671875E8	144.0
3.4059	8.98808581328125E8	240.0
3.4684	4.12004164765625E8	144.0
4.1243	1.7855915152539062E9	624.0
4.7634	1.1631824032580566E9	360.0
3.0067	4.938193591875E8	96.0
3.0692	5.376213091875E8	144.0
4.8062	1.33563363909375E9	384.0
0.6164	935053.7575683594	72.0
3.2156	1.872227006E9	528.0
3.8406	1.1715752398398438E9	360.0
4.4057	9.978915794609375E8	288.0
1.8358	2.39683578125E8	96.0
4.4068	9.203351171054688E8	264.0
2.8284	8.084169341625E10	84.0
2.7659	1.0976326865390625E9	240.0
2.5159	1.1342441881640625E9	240.0
1.4142	2.8540194551659766E11	84.0
1.0392	8888500.8984375	32.0
0.7071	2571854.284576416	84.0
0.5196	152953.95935058594	32.0
4.981	1.9483995814780273E9	624.0
2.2405	5.970612317207031E8	168.0
3.178	1.197108639482544E9	336.0
3.303	1.3787730224921875E9	408.0
4.0435	6.057728503203125E8	192.0
4.5815	1.7146217595083008E9	456.0
4.4565	2.163698545875E9	576.0
2.8914	1.0125676675234375E9	240.0
1.4457	2.5130585815527344E8	240.0
3.6414	1.3839868398598633E9	480.0
1.6793	1.9659428290625E8	96.0
3.3586	2.985795344199219E8	96.0
3.7961	1.061091705078125E9	336.0
3.7336	1.6123045660175781E9	576.0
4.5826	6.076148763287109E9	240.0
4.4576	6.420826538984375E8	168.0
2.6038	1.0570113306875E9	240.0
2.2913	1.014860316671875E9	240.0
4.8549	1.6607078704316406E9	504.0
2.8337	1.074020039234375E9	240.0
1.3856	9810113.5	8.0
0.6928	283851.9453125	8.0
0.3464	4039.106300354004	8.0
0.1732	74.39649677276611	8.0
3.8962	8.275244396757812E8	288.0
4.1049	1.9024761058603516E9	624.0
4.982	8.8023973146875E8	288.0
3.366	1.0982936367089539E9	336.0
3.759	9.85514677621582E8	360.0
4.8031	7.749619901328125E8	192.0
3.1828	1.1429392270390625E9	312.0
3.1922	1.1937283712905273E9	312.0
4.0719	1.6222525611464844E9	504.0
4.5033	2.680723975546875E8	104.0
2.2204	6.297546396618652E8	144.0
3.6579	7.897102481601562E8	240.0
4.6217	7.94161527890625E8	240.0
4.4967	9.8010705609375E8	288.0
0.3162	6046.031517028809	24.0
3.2171	9.93537018890625E8	240.0
4.3336	1.0635185121057129E9	288.0
2.2293	1.0607006116148071E9	288.0
3.4699	3.51689190921875E8	96.0
3.9699	4.304695205234375E8	120.0
4.8539	6.21669771703125E8	192.0
1.7916	6.460345422421875E8	240.0
4.985	9.086517405927734E8	288.0
4.86	1.1118920477617188E9	312.0
4.735	6.234780272128906E8	192.0
4.5475	4.94197371703125E8	144.0
4.36	1.8499315626835938E9	504.0
3.3675	1.4028942971015625E9	432.0
3.9925	1.2888899980593262E9	408.0
4.1725	8.84133697890625E8	312.0
4.64	1.4280847962451172E9	384.0
2.6325	1.2061412491171875E9	288.0
2.0075	1.614185546875E8	48.0
1.4213	5.985431465136719E7	72.0
3.6551	3.354258955859375E8	144.0
3.9051	1.0604410285649414E9	360.0
4.015	1.2208193822265625E8	48.0
4.14	6.994504242167969E8	240.0
4.265	9.6664903521875E8	240.0
4.3209	4.82847089125E8	120.0
2.8792	1.2799045236624756E9	264.0
1.7521	1.6409827183203125E8	72.0
3.2542	5.07687588109375E8	144.0
4.5541	7.344672234171143E8	240.0
2.6833	2.87764494953125E8	72.0
4.8877	1.36136809609375E9	408.0
2.7749	1.8858558232773438E9	384.0
1.6062	1.609413595126953E8	96.0
3.0249	8.616267997890625E8	192.0
3.7749	9.552172087773438E8	336.0
4.9619	1.2033893936328125E9	384.0
4.5869	4.499923720234375E8	144.0
2.7622	4.9448829190625E8	96.0
3.9497	4.785514199082031E8	192.0
4.2119	7.387659763515625E8	240.0
4.999	1.452301085328125E9	432.0
2.7495	7.491056710585938E8	192.0
2.687	9.084023307578125E8	228.0
3.937	1.8820020282753906E9	672.0
4.8135	9.3799398109375E8	288.0
4.4385	2.1155377597539062E9	624.0
0.922	5181227.151855469	48.0
3.438	7.800104329394531E8	240.0
4.8857	9.85275123763916E8	288.0
4.6357	1.3243457136933594E9	336.0
4.3232	1.7719148895585938E9	480.0
4.3486	8.08653345203125E8	240.0
2.8618	1.0393126308701172E9	240.0
2.7368	1.9825343255625E9	384.0
3.9243	3.4464718790625E8	96.0
4.0361	1.5875121948046875E9	600.0
4.9639	3.52733612453125E8	96.0
2.6382	6.2387689575E8	144.0
1.3191	1.0546589766552734E8	144.0
3.0757	8.988352965546875E8	192.0
3.3257	2.2636518612558594E9	576.0
3.3511	4.021187756875E8	120.0
2.9614	6.32085447331543E8	120.0
2.5239	8.07900007421875E8	168.0
2.5259	1.19262404059375E9	240.0
2.5884	6.714653455625E8	144.0
2.064	1.0761569902910156E9	288.0
3.189	1.03265304725E9	288.0
4.128	8.533438857578125E8	288.0
4.7276	1.075151693977539E9	288.0
3.2388	1.964971592805664E9	528.0
3.8013	1.1561871672382812E9	456.0
2.8862	1.6558396716953125E9	336.0
4.0224	3.952597239140625E8	144.0
4.8466	2.2477847960717773E9	648.0
4.4091	9.959720497695312E8	312.0
4.9659	2.4583817219345703E9	720.0
4.7159	3.382963168125E8	72.0
4.4034	7.67246685328125E8	192.0
4.997	1.1609269024726562E9	336.0
3.061	1.0000901331796875E9	240.0
2.936	3.1814511446875E8	96.0
3.6235	8.271632325634766E8	288.0
4.6454	9.433406063823242E8	240.0
2.1977	3.300842524863281E8	96.0
4.0829	8.183686621582031E8	312.0
2.6646	1.589572954125E9	384.0
2.0396	2.21591994078125E8	72.0
1.0198	1.6297529357910156E7	72.0
0.5099	297633.5617675781	72.0
3.4771	1.4208157680117188E9	480.0
4.0792	1.980432249296875E8	72.0
4.7413	3.2665181196875E8	96.0
4.6163	1.037364843217041E9	312.0
2.5981	1.1966697407426147E9	224.0
1.3928	1.9807674069580078E8	240.0
3.3481	1.8274456635585938E9	528.0
4.4833	1.3860903430039062E9	384.0
3.0854	3.872400579765625E8	96.0
1.5427	1.39362358984375E8	96.0
1.4177	1.2463166235351562E8	144.0
1.8547	2.775518589921875E8	120.0
3.2094	5.23238002890625E8	144.0
3.6469	7.746622847441406E8	288.0
3.7094	3.74534497875E8	120.0
2.8531	5.088545690859375E8	144.0
2.1656	6.9924113240625E8	192.0
4.1437	6.0359176615625E8	192.0
3.4467	6.46897601734375E8	192.0
4.2059	2.5894811405703125E9	768.0
4.5695	4.166664984296875E8	120.0
2.816	3.753082833125E8	96.0
1.7205	2.4041125869921875E8	120.0
1.533	6.2302116390625E7	48.0
4.993	1.2053784477578125E9	360.0
2.184	9.101138991630859E8	216.0
3.2465	6.543180032734375E8	192.0
4.3566	1.0459419778457031E9	336.0
3.6783	5.07327757515625E8	192.0
4.9325	7.976972087885742E8	240.0
3.9975	1.0720233220019531E9	384.0
4.245	1.2115184857392578E9	384.0
4.755	2.646257389548828E9	864.0
4.6925	7.501811865039062E8	240.0
2.0025	7.904828788945312E8	240.0
4.005	7.12256381046875E8	240.0
4.9071	9.4497375978125E8	288.0
4.8446	4.5956189914453125E8	120.0
4.5321	2.9913191444992676E9	864.0
2.9223	2.1362947676601562E9	528.0
4.9679	4.624058906484375E8	144.0
3.5777	7.615876259375E7	24.0
3.7027	7.554898606347656E8	288.0
4.8683	1.0020684617578125E9	288.0
4.4933	1.3815319350742188E9	384.0
4.3058	2.51748275353125E9	720.0
3.4029	8.081704833984375E8	288.0
4.1183	2.35466295640625E8	72.0
2.7221	1.25731957190625E9	288.0
3.8471	4.593867809160156E8	144.0
4.9031	6.802897918803711E8	240.0
4.7781	5.163110772890625E8	144.0
3.4828	3.8778485925E8	120.0
4.9719	4.0128794891625977E8	144.0
4.6594	1.1870751575117188E9	336.0
2.9547	1.007563256505127E9	240.0
2.2672	6.672346102246094E8	192.0
3.2047	3.29539410421875E8	96.0
4.134	1.9263837427236328E9	504.0
1.9416	6.5361302640625E8	192.0
1.8166	1.9598389333984375E8	96.0
1.1916	1.6577563212799072E7	48.0
3.5707	8.364540199550781E8	240.0
3.6332	3.22260926109375E8	96.0
2.3043	9.20007025859375E8	216.0
2.0543	4.0513140615625E8	120.0
3.4293	5.2327009177734375E8	168.0
4.9285	2.2437487375253906E9	672.0
4.991	9.007998075742188E8	288.0
2.8705	1.09767299346875E9	240.0
4.1785	2.251436906689453E9	720.0
2.9086	2.211284847690918E9	480.0
3.9711	1.034350575998291E9	336.0
4.9699	1.1783194598779297E9	384.0
4.8332	7.228969759296875E8	192.0
4.7707	1.3696937668486328E9	384.0
4.4699	2.1230017330703125E9	576.0
2.7037	1.3519817746604004E9	288.0
2.4166	1.097755332578125E9	192.0
1.2083	1.026359628828125E8	192.0
3.3912	9.635955713828125E8	240.0
3.3541	1.4752760487353516E9	432.0
3.3287	1.9995958109960938E8	72.0
3.9166	7.291486802548828E8	240.0
4.0324	7.4745561928125E8	240.0
4.9051	2.615432474565918E9	720.0
2.2338	3.252133764609375E8	72.0
3.0463	7.5730831125E7	24.0
3.8588	7.149125839487305E8	240.0
4.6043	1.2503445206171875E9	336.0
4.3543	6.973260675898438E8	240.0
1.7292	4.65682345078125E8	192.0
3.7709	8.461183267558594E8	288.0
4.8703	7.818178855449219E8	288.0
4.4328	1.4594506722617188E9	480.0
3.7789	3.0960004396875E8	96.0
